34.000000000000	-0.031093142926693	-0.010756648145616
34.015998840332	-0.031314294785261	-0.010252316482365
34.032001495361	-0.031526073813438	-0.0097455633804202
34.048000335693	-0.031728602945805	-0.0092366505414248
34.063999176025	-0.031921986490488	-0.0087258229032159
34.080001831055	-0.032106362283230	-0.0082133281975985
34.096000671387	-0.032281871885061	-0.0076993964612484
34.111999511719	-0.032448656857014	-0.0071842479519546
34.127998352051	-0.032606881111860	-0.0066680731251836
34.144001007080	-0.032756708562374	-0.0061510568484664
34.159999847412	-0.032898310571909	-0.0056333942338824
34.175998687744	-0.033031865954399	-0.0051152040250599
34.192001342773	-0.033157549798489	-0.0045966673642397
34.208000183105	-0.033275552093983	-0.0040778764523566
34.223999023438	-0.033386062830687	-0.0035589677281678
34.240001678467	-0.033489264547825	-0.0030400205869228
34.256000518799	-0.033585350960493	-0.0025211188476533
34.271999359131	-0.033674512058496	-0.0020023295655847
34.287998199463	-0.033756934106350	-0.0014837000053376
34.304000854492	-0.033832807093859	-0.00096526072593406
34.319999694824	-0.033902309834957	-0.00044704781612381
34.335998535156	-0.033965621143579	7.0960217271931e-05
34.352001190186	-0.034022916108370	0.00058876205002889
34.368000030518	-0.034074362367392	0.0011063897982240
34.383998870850	-0.034120120108128	0.0016238514799625
34.400001525879	-0.034160345792770	0.0021412370260805
34.416000366211	-0.034195180982351	0.0026585871819407
34.431999206543	-0.034224763512611	0.0031759827397764
34.448001861572	-0.034249227494001	0.0036935037933290
34.464000701904	-0.034268677234650	0.0042112614028156
34.479999542236	-0.034283220767975	0.0047293570823967
34.495998382568	-0.034292954951525	0.0052478965371847
34.512001037598	-0.034297965466976	0.0057670176029205
34.527999877930	-0.034298311918974	0.0062868609093130
34.543998718262	-0.034294050186872	0.0068075470626354
34.560001373291	-0.034285228699446	0.0073292334564030
34.576000213623	-0.034271869808435	0.0078520812094212
34.591999053955	-0.034253992140293	0.0083762202411890
34.608001708984	-0.034231584519148	0.0089018475264311
34.624000549316	-0.034204632043839	0.0094291120767593
34.639999389648	-0.034173112362623	0.0099581656977534
34.655998229980	-0.034136969596148	0.010489184409380
34.672000885010	-0.034096140414476	0.011022347025573
34.687999725342	-0.034050554037094	0.011557807214558
34.703998565674	-0.034000113606453	0.012095726095140
34.720001220703	-0.033944699913263	0.012636290863156
34.736000061035	-0.033884204924107	0.013179634697735
34.751998901367	-0.033818479627371	0.013725930824876
34.768001556396	-0.033747375011444	0.014275303110480
34.784000396729	-0.033670704811811	0.014827931299806
34.799999237061	-0.033588308840990	0.015383925288916
34.816001892090	-0.033499974757433	0.015943426638842
34.832000732422	-0.033405490219593	0.016506558284163
34.847999572754	-0.033304631710052	0.017073411494493
34.863998413086	-0.033197153359652	0.017644124105573
34.880001068115	-0.033082820475101	0.018218750134110
34.895999908447	-0.032961349934340	0.018797392025590
34.911998748779	-0.032832484692335	0.019380098208785
34.928001403809	-0.032695923000574	0.019966945052147
34.944000244141	-0.032551366835833	0.020557964220643
34.959999084473	-0.032398525625467	0.021153166890144
34.976001739502	-0.032237071543932	0.021752584725618
34.992000579834	-0.032066680490971	0.022356202825904
35.007999420166	-0.031887024641037	0.022964006289840
35.023998260498	-0.031697768718004	0.023575954139233
35.040000915527	-0.031498562544584	0.024191992357373
35.055999755859	-0.031289052218199	0.024812057614326
35.071998596191	-0.031068893149495	0.025436054915190
35.088001251221	-0.030837725847960	0.026063881814480
35.104000091553	-0.030595179647207	0.026695415377617
35.119998931885	-0.030340898782015	0.027330506592989
35.136001586914	-0.030074516311288	0.027969012036920
35.152000427246	-0.029795659705997	0.028610741719604
35.167999267578	-0.029503976926208	0.029255490750074
35.183998107910	-0.029199104756117	0.029903043061495
35.200000762939	-0.028880672529340	0.030553175136447
35.215999603271	-0.028548339381814	0.031205613166094
35.231998443604	-0.028201729059219	0.031860098242760
35.248001098633	-0.027840513736010	0.032516326755285
35.263999938965	-0.027464345097542	0.033173978328705
35.279998779297	-0.027072854340076	0.033832762390375
35.296001434326	-0.026665763929486	0.034492284059525
35.312000274658	-0.026242725551128	0.035152193158865
35.327999114990	-0.025803448632360	0.035812091082335
35.344001770020	-0.025347612798214	0.036471586674452
35.360000610352	-0.024874918162823	0.037130270153284
35.375999450684	-0.024385103955865	0.037787683308125
35.391998291016	-0.023877885192633	0.038443390280008
35.408000946045	-0.023353066295385	0.039096873253584
35.423999786377	-0.022810317575932	0.039747711271048
35.439998626709	-0.022249475121498	0.040395360440016
35.456001281738	-0.021670300513506	0.041039321571589
35.472000122070	-0.021072639152408	0.041679039597511
35.487998962402	-0.020456254482269	0.042313996702433
35.504001617432	-0.019821038469672	0.042943615466356
35.520000457764	-0.019166808575392	0.043567344546318
35.535999298096	-0.018493479117751	0.044184576719999
35.551998138428	-0.017800901085138	0.044794742017984
35.568000793457	-0.017089046537876	0.045397214591503
35.583999633789	-0.016357777640224	0.045991398394108
35.599998474121	-0.015607105568051	0.046576660126448
35.616001129150	-0.014836980029941	0.047152366489172
35.631999969482	-0.014047375880182	0.047717891633511
35.647998809814	-0.013238360174000	0.048272568732500
35.664001464844	-0.012409955263138	0.048815760761499
35.680000305176	-0.011562202125788	0.049346797168255
35.695999145508	-0.010695212520659	0.049865026026964
35.712001800537	-0.0098090898245573	0.050369769334793
35.728000640869	-0.0089039234444499	0.050860375165939
35.743999481201	-0.0079798819497228	0.051336161792278
35.759998321533	-0.0070372004993260	0.051796451210976
35.776000976562	-0.0060759857296944	0.052240576595068
35.791999816895	-0.0050965771079063	0.052667859941721
35.807998657227	-0.0040991255082190	0.053077630698681
35.824001312256	-0.0030839063692838	0.053469222038984
35.840000152588	-0.0020512815099210	0.053841955959797
35.855998992920	-0.0010015239240602	0.054195180535316
35.872001647949	6.5013358835131e-05	0.054528228938580
35.888000488281	0.0011479525128379	0.054840452969074
35.903999328613	0.0022469507530332	0.055131189525127
35.919998168945	0.0033615231513977	0.055399812757969
35.936000823975	0.0044912793673575	0.055645681917667
35.951999664307	0.0056357472203672	0.055868174880743
35.967998504639	0.0067944871261716	0.056066662073135
35.984001159668	0.0079668667167425	0.056240558624268
36.000000000000	0.0091525157913566	0.056389249861240
36.015998840332	0.010350746102631	0.056512165814638
36.032001495361	0.011561036109924	0.056608732789755
36.048000335693	0.012782827019691	0.056678384542465
36.063999176025	0.014015421271324	0.056720588356256
36.080001831055	0.015258240513504	0.056734807789326
36.096000671387	0.016510648652911	0.056720517575741
36.111999511719	0.017771890386939	0.056677237153053
36.127998352051	0.019041251391172	0.056604500859976
36.144001007080	0.020318118855357	0.056501805782318
36.159999847412	0.021601676940918	0.056368730962276
36.175998687744	0.022891191765666	0.056204844266176
36.192001342773	0.024185879155993	0.056009739637375
36.208000183105	0.025484940037131	0.055783037096262
36.223999023438	0.026787567883730	0.055524360388517
36.240001678467	0.028092943131924	0.055233374238014
36.256000518799	0.029400207102299	0.054909754544497
36.271999359131	0.030708517879248	0.054553203284740
36.287998199463	0.032016985118389	0.054163441061974
36.304000854492	0.033324737101793	0.053740222007036
36.319999694824	0.034630872309208	0.053283311426640
36.335998535156	0.035934463143349	0.052792515605688
36.352001190186	0.037234585732222	0.052267655730247
36.368000030518	0.038530312478542	0.051708579063416
36.383998870850	0.039820689707994	0.051115155220032
36.400001525879	0.041104763746262	0.050487298518419
36.416000366211	0.042381554841995	0.049824938178062
36.431999206543	0.043650105595589	0.049128022044897
36.448001861572	0.044909421354532	0.048396546393633
36.464000701904	0.046158507466316	0.047630522400141
36.479999542236	0.047396376729012	0.046829994767904
36.495998382568	0.048622027039528	0.045995038002729
36.512001037598	0.049834448844194	0.045125752687454
36.527999877930	0.051032636314631	0.044222276657820
36.543998718262	0.052215564996004	0.043284766376019
36.560001373291	0.053382243961096	0.042313419282436
36.576000213623	0.054531633853912	0.041308455169201
36.591999053955	0.055662740021944	0.040270138531923
36.608001708984	0.056774534285069	0.039198756217957
36.624000549316	0.057866018265486	0.038094613701105
36.639999389648	0.058936174958944	0.036958087235689
36.655998229980	0.059983998537064	0.035789523273706
36.672000885010	0.061008494347334	0.034589357674122
36.687999725342	0.062008664011955	0.033358037471771
36.703998565674	0.062983535230160	0.032096028327942
36.720001220703	0.063932098448277	0.030803840607405
36.736000061035	0.064853407442570	0.029482020065188
36.751998901367	0.065746493637562	0.028131136670709
36.768001556396	0.066610403358936	0.026751792058349
36.784000396729	0.067444197833538	0.025344623252749
36.799999237061	0.068246968090534	0.023910297080874
36.816001892090	0.069017782807350	0.022449513897300
36.832000732422	0.069755755364895	0.020962996408343
36.847999572754	0.070460006594658	0.019451512023807
36.863998413086	0.071129672229290	0.017915843054652
36.880001068115	0.071763902902603	0.016356812790036
36.895999908447	0.072361879050732	0.014775276184082
36.911998748779	0.072922796010971	0.013172106817365
36.928001403809	0.073445856571198	0.011548211798072
36.944000244141	0.073930323123932	0.0099045345559716
36.959999084473	0.074375435709953	0.0082420334219933
36.976001739502	0.074780486524105	0.0065617049112916
36.992000579834	0.075144797563553	0.0048645669594407
37.007999420166	0.075467690825462	0.0031516647431999
37.023998260498	0.075748547911644	0.0014240700984374
37.040000915527	0.075986742973328	-0.00031712144846097
37.055999755859	0.076181709766388	-0.0020707889925689
37.071998596191	0.076332911849022	-0.0038357891608030
37.088001251221	0.076439820230007	-0.0056109563447535
37.104000091553	0.076501958072186	-0.0073950989171863
37.119998931885	0.076518870890141	-0.0091870110481977
37.136001586914	0.076490148901939	-0.010985462926328
37.152000427246	0.076415412127972	-0.012789206579328
37.167999267578	0.076294310390949	-0.014596975408494
37.183998107910	0.076126538217068	-0.016407482326031
37.200000762939	0.075911834836006	-0.018219435587525
37.215999603271	0.075649946928024	-0.020031515508890
37.231998443604	0.075340688228607	-0.021842392161489
37.248001098633	0.074983902275562	-0.023650731891394
37.263999938965	0.074579484760761	-0.025455176830292
37.279998779297	0.074127361178398	-0.027254369109869
37.296001434326	0.073627486824989	-0.029046935960650
37.312000274658	0.073079876601696	-0.030831499025226
37.327999114990	0.072484582662582	-0.032606672495604
37.344001770020	0.071841709315777	-0.034371063113213
37.360000610352	0.071151383221149	-0.036123290657997
37.375999450684	0.070413783192635	-0.037861946970224
37.391998291016	0.069629147648811	-0.039585642516613
37.408000946045	0.068797737360001	-0.041292980313301
37.423999786377	0.067919872701168	-0.042982567101717
37.439998626709	0.066995903849602	-0.044653013348579
37.456001281738	0.066026248037815	-0.046302940696478
37.472000122070	0.065011352300644	-0.047930970788002
37.487998962402	0.063951686024666	-0.049535725265741
37.504001617432	0.062847822904587	-0.051115859299898
37.520000457764	0.061700318008661	-0.052670016884804
37.535999298096	0.060509826987982	-0.054196864366531
37.551998138428	0.059276998043060	-0.055695082992315
37.568000793457	0.058002550154924	-0.057163376361132
37.583999633789	0.056687258183956	-0.058600448071957
37.599998474121	0.055331915616989	-0.060005031526089
37.616001129150	0.053937368094921	-0.061375889927149
37.631999969482	0.052504502236843	-0.062711797654629
37.647998809814	0.051034256815910	-0.064011551439762
37.664001464844	0.049527611583471	-0.065273985266685
37.680000305176	0.047985557466745	-0.066497944295406
37.695999145508	0.046409163624048	-0.067682310938835
37.712001800537	0.044799514114857	-0.068826012313366
37.728000640869	0.043157748878002	-0.069927975535393
37.743999481201	0.041485026478767	-0.070987187325954
37.759998321533	0.039782546460629	-0.072002656757832
37.776000976562	0.038051553070545	-0.072973422706127
37.791999816895	0.036293320357800	-0.073898583650589
37.807998657227	0.034509148448706	-0.074777260422707
37.824001312256	0.032700374722481	-0.075608611106873
37.840000152588	0.030868379399180	-0.076391845941544
37.855998992920	0.029014544561505	-0.077126197516918
37.872001647949	0.027140298858285	-0.077810972929001
37.888000488281	0.025247100740671	-0.078445509076118
37.903999328613	0.023336416110396	-0.079029165208340
37.919998168945	0.021409746259451	-0.079561389982700
37.936000823975	0.019468616694212	-0.080041654407978
37.951999664307	0.017514556646347	-0.080469474196434
37.967998504639	0.015549136325717	-0.080844424664974
37.984001159668	0.013573936186731	-0.081166133284569
38.000000000000	0.011590529233217	-0.081434279680252
38.015998840332	0.0096005378291011	-0.081648580729961
38.032001495361	0.0076055605895817	-0.081808812916279
38.048000335693	0.0056072431616485	-0.081914827227592
38.063999176025	0.0036071990616620	-0.081966489553452
38.080001831055	0.0016070754500106	-0.081963747739792
38.096000671387	-0.00039148543146439	-0.081906586885452
38.111999511719	-0.0023868212010711	-0.081795066595078
38.127998352051	-0.0043773278594017	-0.081629276275635
38.144001007080	-0.0063613271340728	-0.081409387290478
38.159999847412	-0.0083371819928288	-0.081135593354702
38.175998687744	-0.010303282178938	-0.080808177590370
38.192001342773	-0.012257980182767	-0.080427445471287
38.208000183105	-0.014199680648744	-0.079993776977062
38.223999023438	-0.016126748174429	-0.079507611691952
38.240001678467	-0.018037619069219	-0.078969433903694
38.256000518799	-0.019930705428123	-0.078379757702351
38.271999359131	-0.021804468706250	-0.077739186584949
38.287998199463	-0.023657346144319	-0.077048368752003
38.304000854492	-0.025487838312984	-0.076307989656925
38.319999694824	-0.027294447645545	-0.075518794357777
38.335998535156	-0.029075717553496	-0.074681572616100
38.352001190186	-0.030830180272460	-0.073797188699245
38.368000030518	-0.032556470483541	-0.072866506874561
38.383998870850	-0.034253168851137	-0.071890480816364
38.400001525879	-0.035918921232224	-0.070870108902454
38.416000366211	-0.037552442401648	-0.069806411862373
38.431999206543	-0.039152473211288	-0.068700432777405
38.448001861572	-0.040717732161283	-0.067553341388702
38.464000701904	-0.042247049510479	-0.066366247832775
38.479999542236	-0.043739221990108	-0.065140403807163
38.495998382568	-0.045193165540695	-0.063876993954182
38.512001037598	-0.046607811003923	-0.062577314674854
38.527999877930	-0.047982107847929	-0.061242680996656
38.543998718262	-0.049315091222525	-0.059874422848225
38.560001373291	-0.050605807453394	-0.058473907411098
38.576000213623	-0.051853384822607	-0.057042550295591
38.591999053955	-0.053056996315718	-0.055581755936146
38.608001708984	-0.054215785115957	-0.054093051701784
38.624000549316	-0.055329129099846	-0.052577823400497
38.639999389648	-0.056396264582872	-0.051037628203630
38.655998229980	-0.057416561990976	-0.049474012106657
38.672000885010	-0.058389466255903	-0.047888480126858
38.687999725342	-0.059314496815205	-0.046282555907965
38.703998565674	-0.060191120952368	-0.044657889753580
38.720001220703	-0.061018940061331	-0.043016057461500
38.736000061035	-0.061797644942999	-0.041358575224876
38.751998901367	-0.062526866793633	-0.039687167853117
38.768001556396	-0.063206426799297	-0.038003336638212
38.784000396729	-0.063836105167866	-0.036308761686087
38.799999237061	-0.064415790140629	-0.034605026245117
38.816001892090	-0.064945422112942	-0.032893743366003
38.832000732422	-0.065424941480160	-0.031176559627056
38.847999572754	-0.065854445099831	-0.029455030336976
38.863998413086	-0.066233977675438	-0.027730813249946
38.880001068115	-0.066563725471497	-0.026005467399955
38.895999908447	-0.066843882203102	-0.024280596524477
38.911998748779	-0.067074730992317	-0.022557698190212
38.928001403809	-0.067256577312946	-0.020838379859924
38.944000244141	-0.067389786243439	-0.019124181941152
38.959999084473	-0.067474775016308	-0.017416641116142
38.976001739502	-0.067512042820454	-0.015717174857855
38.992000579834	-0.067502088844776	-0.014027304947376
39.007999420166	-0.067445501685143	-0.012348495423794
39.023998260498	-0.067342899739742	-0.010682163760066
39.040000915527	-0.067194968461990	-0.0090296510607004
39.055999755859	-0.067002415657043	-0.0073923305608332
39.071998596191	-0.066765993833542	-0.0057715885341167
39.088001251221	-0.066486530005932	-0.0041687143966556
39.104000091553	-0.066164851188660	-0.0025848469231278
39.119998931885	-0.065801858901978	-0.0010213744826615
39.136001586914	-0.065398484468460	0.00052064075134695
39.152000427246	-0.064955681562424	0.0020399724598974
39.167999267578	-0.064474463462830	0.0035355465952307
39.183998107910	-0.063955858349800	0.0050063021481037
39.200000762939	-0.063400931656361	0.0064512230455875
39.215999603271	-0.062810786068439	0.0078692920506001
39.231998443604	-0.062186550348997	0.0092596616595984
39.248001098633	-0.061529368162155	0.010621352121234
39.263999938965	-0.060840435326099	0.011953567154706
39.279998779297	-0.060120943933725	0.013255487196147
39.296001434326	-0.059372108429670	0.014526472426951
39.312000274658	-0.058595199137926	0.015765659511089
39.327999114990	-0.057791441679001	0.016972539946437
39.344001770020	-0.056962132453918	0.018146472051740
39.360000610352	-0.056108538061380	0.019286947324872
39.375999450684	-0.055231977254152	0.020393418148160
39.391998291016	-0.054333753883839	0.021465456113219
39.408000946045	-0.053415179252625	0.022502673789859
39.423999786377	-0.052477572113276	0.023504734039307
39.439998626709	-0.051522243767977	0.024471368640661
39.456001281738	-0.050550546497107	0.025402285158634
39.472000122070	-0.049563780426979	0.026297330856323
39.487998962402	-0.048563260585070	0.027156369760633
39.504001617432	-0.047550298273563	0.027979310601950
39.520000457764	-0.046526238322258	0.028766067698598
39.535999298096	-0.045492321252823	0.029516723006964
39.551998138428	-0.044449888169765	0.030231270939112
39.568000793457	-0.043400172144175	0.030909851193428
39.583999633789	-0.042344462126493	0.031552590429783
39.599998474121	-0.041284006088972	0.032159671187401
39.616001129150	-0.040219973772764	0.032731398940086
39.631999969482	-0.039153657853603	0.033267974853516
39.647998809814	-0.038086161017418	0.033769793808460
39.664001464844	-0.037018693983555	0.034237191081047
39.680000305176	-0.035952392965555	0.034670569002628
39.695999145508	-0.034888349473476	0.035070385783911
39.712001800537	-0.033827666193247	0.035437125712633
39.728000640869	-0.032771423459053	0.035771276801825
39.743999481201	-0.031720593571663	0.036073449999094
39.759998321533	-0.030676180496812	0.036344233900309
39.776000976562	-0.029639208689332	0.036584183573723
39.791999816895	-0.028610534965992	0.036794025450945
39.807998657227	-0.027591111138463	0.036974392831326
39.824001312256	-0.026581769809127	0.037126015871763
39.840000152588	-0.025583352893591	0.037249621003866
39.855998992920	-0.024596633389592	0.037345971912146
39.872001647949	-0.023622360080481	0.037415854632854
39.888000488281	-0.022661279886961	0.037460047751665
39.903999328613	-0.021714009344578	0.037479408085346
39.919998168945	-0.020781269297004	0.037474725395441
39.936000823975	-0.019863560795784	0.037446908652782
39.951999664307	-0.018961517140269	0.037396773695946
39.967998504639	-0.018075615167618	0.037325229495764
39.984001159668	-0.017206339165568	0.037233162671328
40.000000000000	-0.016354130581021	0.037121456116438
40.015998840332	-0.015519396401942	0.036991022527218
40.032001495361	-0.014702463522553	0.036842778325081
40.048000335693	-0.013903655111790	0.036677632480860
40.063999176025	-0.013123256154358	0.036496490240097
40.080001831055	-0.012361512519419	0.036300275474787
40.096000671387	-0.011618596501648	0.036089893430471
40.111999511719	-0.010894680395722	0.035866256803274
40.127998352051	-0.010189878754318	0.035630270838737
40.144001007080	-0.0095042753964663	0.035382833331823
40.159999847412	-0.0088379168882966	0.035124830901623
40.175998687744	-0.0081908013671637	0.034857142716646
40.192001342773	-0.0075628943741322	0.034580644220114
40.208000183105	-0.0069541642442346	0.034296177327633
40.223999023438	-0.0063644857145846	0.034004598855972
40.240001678467	-0.0057937358506024	0.033706728368998
40.256000518799	-0.0052417526021600	0.033403381705284
40.271999359131	-0.0047083469107747	0.033095341175795
40.287998199463	-0.0041932919993997	0.032783392816782
40.304000854492	-0.0036963240709156	0.032468285411596
40.319999694824	-0.0032171758357435	0.032150752842426
40.335998535156	-0.0027555166743696	0.031831506639719
40.352001190186	-0.0023110453039408	0.031511239707470
40.368000030518	-0.0018833705689758	0.031190605834126
40.383998870850	-0.0014721358893439	0.030870249494910
40.400001525879	-0.0010769439395517	0.030550787225366
40.416000366211	-0.00069733033888042	0.030232805758715
40.431999206543	-0.00033291248837486	0.029916865751147
40.448001861572	1.6826685168780e-05	0.029603501781821
40.464000701904	0.00035233463859186	0.029293224215508
40.479999542236	0.00067410251358524	0.028986502438784
40.495998382568	0.00098264776170254	0.028683794662356
40.512001037598	0.0012784849386662	0.028385518118739
40.527999877930	0.0015621242346242	0.028092062100768
40.543998718262	0.0018341239774600	0.027803791686893
40.560001373291	0.0020950213074684	0.027521040290594
40.576000213623	0.0023453570902348	0.027244109660387
40.591999053955	0.0025857156142592	0.026973275467753
40.608001708984	0.0028166417032480	0.026708779856563
40.624000549316	0.0030386818107218	0.026450838893652
40.639999389648	0.0032524322159588	0.026199640706182
40.655998229980	0.0034584363456815	0.025955343618989
40.672000885010	0.0036572606768459	0.025718074291945
40.687999725342	0.0038494672626257	0.025487935170531
40.703998565674	0.0040356027893722	0.025265004485846
40.720001220703	0.0042162458412349	0.025049319490790
40.736000061035	0.0043919086456299	0.024840908125043
40.751998901367	0.0045631355606019	0.024639762938023
40.768001556396	0.0047304765321314	0.024445848539472
40.784000396729	0.0048944079317153	0.024259118363261
40.799999237061	0.0050554797053337	0.024079483002424
40.816001892090	0.0052141691558063	0.023906841874123
40.832000732422	0.0053709484636784	0.023741073906422
40.847999572754	0.0055263089016080	0.023582026362419
40.863998413086	0.0056806914508343	0.023429537191987
40.880001068115	0.0058345342986286	0.023283416405320
40.895999908447	0.0059882830828428	0.023143453523517
40.911998748779	0.0061423261649907	0.023009430617094
40.928001403809	0.0062970598228276	0.022881101816893
40.944000244141	0.0064528458751738	0.022758213803172
40.959999084473	0.0066100563853979	0.022640492767096
40.976001739502	0.0067690094001591	0.022527655586600
40.992000579834	0.0069300201721489	0.022419400513172
41.007999420166	0.0070934062823653	0.022315418347716
41.023998260498	0.0072594308294356	0.022215383127332
41.040000915527	0.0074283583089709	0.022118965163827
41.055999755859	0.0076003917492926	0.022025838494301
41.071998596191	0.0077757760882378	0.021935641765594
41.088001251221	0.0079547064378858	0.021848021075130
41.104000091553	0.0081373378634453	0.021762628108263
41.119998931885	0.0083238240331411	0.021679094061255
41.136001586914	0.0085143065080047	0.021597050130367
41.152000427246	0.0087088821455836	0.021516134962440
41.167999267578	0.0089076403528452	0.021435979753733
41.183998107910	0.0091106733307242	0.021356202661991
41.200000762939	0.0093180136755109	0.021276442334056
41.215999603271	0.0095296651124954	0.021196339279413
41.231998443604	0.0097456751391292	0.021115519106388
41.248001098633	0.0099660204723477	0.021033618599176
41.263999938965	0.010190649889410	0.020950296893716
41.279998779297	0.010419545695186	0.020865188911557
41.296001434326	0.010652609169483	0.020777963101864
41.312000274658	0.010889787226915	0.020688271149993
41.327999114990	0.011130965314806	0.020595787093043
41.344001770020	0.011376020498574	0.020500192418694
41.360000610352	0.011624833568931	0.020401170477271
41.375999450684	0.011877240613103	0.020298430696130
41.391998291016	0.012133084237576	0.020191673189402
41.408000946045	0.012392183765769	0.020080627873540
41.423999786377	0.012654357589781	0.019965013489127
41.439998626709	0.012919394299388	0.019844589754939
41.456001281738	0.013187086209655	0.019719101488590
41.472000122070	0.013457198627293	0.019588330760598
41.487998962402	0.013729515485466	0.019452048465610
41.504001617432	0.014003775082529	0.019310060888529
41.520000457764	0.014279725961387	0.019162183627486
41.535999298096	0.014557114802301	0.019008236005902
41.551998138428	0.014835660345852	0.018848069012165
41.568000793457	0.015115095302463	0.018681539222598
41.583999633789	0.015395143069327	0.018508505076170
41.599998474121	0.015675522387028	0.018328860402107
41.616001129150	0.015955934301019	0.018142517656088
41.631999969482	0.016236092895269	0.017949385568500
41.647998809814	0.016515709459782	0.017749391496181
41.664001464844	0.016794487833977	0.017542487010360
41.680000305176	0.017072128131986	0.017328640446067
41.695999145508	0.017348341643810	0.017107823863626
41.712001800537	0.017622832208872	0.016880035400391
41.728000640869	0.017895301803946	0.016645278781652
41.743999481201	0.018165467306972	0.016403578221798
41.759998321533	0.018433038145304	0.016154965385795
41.776000976562	0.018697744235396	0.015899479389191
41.791999816895	0.018959287554026	0.015637204051018
41.807998657227	0.019217401742935	0.015368200838566
41.824001312256	0.019471811130643	0.015092573128641
41.840000152588	0.019722277298570	0.014810391701758
41.855998992920	0.019968513399363	0.014521801844239
41.872001647949	0.020210282877088	0.014226917177439
41.888000488281	0.020447365939617	0.013925842009485
41.903999328613	0.020679499953985	0.013618758879602
41.919998168945	0.020906468853354	0.013305815868080
41.936000823975	0.021128060296178	0.012987167574465
41.951999664307	0.021344071254134	0.012662981636822
41.967998504639	0.021554306149483	0.012333444319665
41.984001159668	0.021758569404483	0.011998745612800
42.000000000000	0.021956685930490	0.011659081093967
42.015998840332	0.022148493677378	0.011314651928842
42.032001495361	0.022333841770887	0.010965649969876
42.048000335693	0.022512577474117	0.010612305253744
42.063999176025	0.022684570401907	0.010254823602736
42.080001831055	0.022849697619677	0.0098934322595596
42.096000671387	0.023007845506072	0.0095283482223749
42.111999511719	0.023158911615610	0.0091598099097610
42.127998352051	0.023302812129259	0.0087880305945873
42.144001007080	0.023439459502697	0.0084132542833686
42.159999847412	0.023568792268634	0.0080357026308775
42.175998687744	0.023690752685070	0.0076556107960641
42.192001342773	0.023805296048522	0.0072731948457658
42.208000183105	0.023912381380796	0.0068887160159647
42.223999023438	0.024011988192797	0.0065023782663047
42.240001678467	0.024104099720716	0.0061144214123487
42.256000518799	0.024188712239265	0.0057250610552728
42.271999359131	0.024265827611089	0.0053345360793173
42.287998199463	0.024335462599993	0.0049430490471423
42.304000854492	0.024397641420364	0.0045508118346334
42.319999694824	0.024452393874526	0.0041580572724342
42.335998535156	0.024499764665961	0.0037649704609066
42.352001190186	0.024539794772863	0.0033717674668878
42.368000030518	0.024572551250458	0.0029786392115057
42.383998870850	0.024598089978099	0.0025857831351459
42.400001525879	0.024616487324238	0.0021933706011623
42.416000366211	0.024627819657326	0.0018015925306827
42.431999206543	0.024632165208459	0.0014106344897300
42.448001861572	0.024629624560475	0.0010206322185695
42.464000701904	0.024620285257697	0.00063176261028275
42.479999542236	0.024604249745607	0.00024418640532531
42.495998382568	0.024581618607044	-0.00014197583368514
42.512001037598	0.024552505463362	-0.00052657339256257
42.527999877930	0.024517018347979	-0.00090947240823880
42.543998718262	0.024475270882249	-0.0012905678013340
42.560001373291	0.024427387863398	-0.0016697010723874
42.576000213623	0.024373479187489	-0.0020468242000788
42.591999053955	0.024313669651747	-0.0024218012113124
42.608001708984	0.024248085916042	-0.0027945246547461
42.624000549316	0.024176843464375	-0.0031649500597268
42.639999389648	0.024100068956614	-0.0035329810343683
42.655998229980	0.024017889052629	-0.0038985360879451
42.672000885010	0.023930422961712	-0.0042615635320544
42.687999725342	0.023837791755795	-0.0046220156364143
42.703998565674	0.023740118369460	-0.0049798372201622
42.720001220703	0.023637520149350	-0.0053349682129920
42.736000061035	0.023530116304755	-0.0056873960420489
42.751998901367	0.023418013006449	-0.0060371020808816
42.768001556396	0.023301338776946	-0.0063840155489743
42.784000396729	0.023180186748505	-0.0067281690426171
42.799999237061	0.023054668679833	-0.0070695118047297
42.816001892090	0.022924887016416	-0.0074080596677959
42.832000732422	0.022790934890509	-0.0077438126318157
42.847999572754	0.022652909159660	-0.0080767711624503
42.863998413086	0.022510899230838	-0.0084069278091192
42.880001068115	0.022364992648363	-0.0087342998012900
42.895999908447	0.022215263918042	-0.0090589048340917
42.911998748779	0.022061793133616	-0.0093807652592659
42.928001403809	0.021904649212956	-0.0096998903900385
42.944000244141	0.021743893623352	-0.010016325861216
42.959999084473	0.021579597145319	-0.010330050252378
42.976001739502	0.021411798894405	-0.010641142725945
42.992000579834	0.021240558475256	-0.010949607007205
43.007999420166	0.021065915003419	-0.011255475692451
43.023998260498	0.020887905731797	-0.011558785103261
43.040000915527	0.020706573501229	-0.011859547346830
43.055999755859	0.020521940663457	-0.012157808057964
43.071998596191	0.020334023982286	-0.012453597038984
43.088001251221	0.020142845809460	-0.012746944092214
43.104000091553	0.019948413595557	-0.013037879951298
43.119998931885	0.019750744104385	-0.013326420448720
43.136001586914	0.019549829885364	-0.013612601906061
43.152000427246	0.019345678389072	-0.013896435499191
43.167999267578	0.019138269126415	-0.014177960343659
43.183998107910	0.018927605822682	-0.014457178302109
43.200000762939	0.018713656812906	-0.014734115451574
43.215999603271	0.018496427685022	-0.015008764341474
43.231998443604	0.018275866284966	-0.015281163156033
43.248001098633	0.018051961436868	-0.015551301650703
43.263999938965	0.017824688926339	-0.015819171443582
43.279998779297	0.017594000324607	-0.016084784641862
43.296001434326	0.017359880730510	-0.016348121687770
43.312000274658	0.017122276127338	-0.016609176993370
43.327999114990	0.016881141811609	-0.016867946833372
43.344001770020	0.016636457294226	-0.017124386504292
43.360000610352	0.016388168558478	-0.017378482967615
43.375999450684	0.016136234626174	-0.017630198970437
43.391998291016	0.015880599617958	-0.017879510298371
43.408000946045	0.015621236525476	-0.018126359209418
43.423999786377	0.015358086675406	-0.018370714038610
43.439998626709	0.015091111883521	-0.018612509593368
43.456001281738	0.014820270240307	-0.018851695582271
43.472000122070	0.014545496553183	-0.019088219851255
43.487998962402	0.014266776852310	-0.019321996718645
43.504001617432	0.013984060846269	-0.019552959129214
43.520000457764	0.013697311282158	-0.019781032577157
43.535999298096	0.013406481593847	-0.020006136968732
43.551998138428	0.013111528009176	-0.020228194072843
43.568000793457	0.012812449596822	-0.020447088405490
43.583999633789	0.012509207241237	-0.020662728697062
43.599998474121	0.012201764620841	-0.020875027403235
43.616001129150	0.011890095658600	-0.021083876490593
43.631999969482	0.011574206873775	-0.021289156749845
43.647998809814	0.011254058219492	-0.021490763872862
43.664001464844	0.010929640382528	-0.021688584238291
43.680000305176	0.010600994341075	-0.021882474422455
43.695999145508	0.010268031619489	-0.022072350606322
43.712001800537	0.0099308509379625	-0.022258043289185
43.728000640869	0.0095894178375602	-0.022439446300268
43.743999481201	0.0092437295243144	-0.022616432979703
43.759998321533	0.0088938456028700	-0.022788854315877
43.776000976562	0.0085397604852915	-0.022956583648920
43.791999816895	0.0081815319135785	-0.023119479417801
43.807998657227	0.0078191747888923	-0.023277407512069
43.824001312256	0.0074527324177325	-0.023430228233337
43.840000152588	0.0070822741836309	-0.023577794432640
43.855998992920	0.0067078527063131	-0.023719970136881
43.872001647949	0.0063295490108430	-0.023856604471803
43.888000488281	0.0059473672881722	-0.023987574502826
43.903999328613	0.0055614430457354	-0.024112725630403
43.919998168945	0.0051718270406127	-0.024231927469373
43.936000823975	0.0047786291688681	-0.024345031008124
43.951999664307	0.0043818987905979	-0.024451913312078
43.967998504639	0.0039817676879466	-0.024552429094911
43.984001159668	0.0035783764906228	-0.024646438658237
44.000000000000	0.0031717512756586	-0.024733828380704
44.015998840332	0.0027620766777545	-0.024814458563924
44.032001495361	0.0023494714405388	-0.024888202548027
44.048000335693	0.0019339992431924	-0.024954946711659
44.063999176025	0.0015158479800448	-0.025014564394951
44.080001831055	0.0010951622389257	-0.025066941976547
44.096000671387	0.00067205488448963	-0.025111967697740
44.111999511719	0.00024671561550349	-0.025149537250400
44.127998352051	-0.00018077009008266	-0.025179542601109
44.144001007080	-0.00061016867402941	-0.025201888754964
44.159999847412	-0.0010413746349514	-0.025216480717063
44.175998687744	-0.0014742069179192	-0.025223229080439
44.192001342773	-0.0019085167441517	-0.025222046300769
44.208000183105	-0.0023440560325980	-0.025212863460183
44.223999023438	-0.0027807299047709	-0.025195598602295
44.240001678467	-0.0032183078583330	-0.025170190259814
44.256000518799	-0.0036566297058016	-0.025136571377516
44.271999359131	-0.0040955073200166	-0.025094687938690
44.287998199463	-0.0045347516424954	-0.025044489651918
44.304000854492	-0.0049741948023438	-0.024985926225781
44.319999694824	-0.0054135951213539	-0.024918971583247
44.335998535156	-0.0058528059162199	-0.024843581020832
44.352001190186	-0.0062916059978306	-0.024759734049439
44.368000030518	-0.0067297979258001	-0.024667412042618
44.383998870850	-0.0071672298945487	-0.024566590785980
44.400001525879	-0.0076036318205297	-0.024457277730107
44.416000366211	-0.0080388747155666	-0.024339452385902
44.431999206543	-0.0084727350622416	-0.024213129654527
44.448001861572	-0.0089049879461527	-0.024078324437141
44.464000701904	-0.0093354806303978	-0.023935038596392
44.479999542236	-0.0097639905288815	-0.023783307522535
44.495998382568	-0.010190339758992	-0.023623144254088
44.512001037598	-0.010614330880344	-0.023454587906599
44.527999877930	-0.011035745032132	-0.023277690634131
44.543998718262	-0.011454427614808	-0.023092476651073
44.560001373291	-0.011870186775923	-0.022898996248841
44.576000213623	-0.012282804585993	-0.022697322070599
44.591999053955	-0.012692133896053	-0.022487491369247
44.608001708984	-0.013097962364554	-0.022269584238529
44.624000549316	-0.013500144705176	-0.022043652832508
44.639999389648	-0.013898453675210	-0.021809797734022
44.655998229980	-0.014292745850980	-0.021568080410361
44.672000885010	-0.014682840555906	-0.021318586543202
44.687999725342	-0.015068581327796	-0.021061398088932
44.703998565674	-0.015449788421392	-0.020796611905098
44.720001220703	-0.015826292335987	-0.020524330437183
44.736000061035	-0.016197957098484	-0.020244628190994
44.751998901367	-0.016564616933465	-0.019957618787885
44.768001556396	-0.016926109790802	-0.019663413986564
44.784000396729	-0.017282288521528	-0.019362116232514
44.799999237061	-0.017633013427258	-0.019053833559155
44.816001892090	-0.017978129908442	-0.018738690763712
44.832000732422	-0.018317520618439	-0.018416779115796
44.847999572754	-0.018651019781828	-0.018088251352310
44.863998413086	-0.018978528678417	-0.017753187566996
44.880001068115	-0.019299888983369	-0.017411744222045
44.895999908447	-0.019614979624748	-0.017064042389393
44.911998748779	-0.019923694431782	-0.016710190102458
44.928001403809	-0.020225899294019	-0.016350330784917
44.944000244141	-0.020521495491266	-0.015984576195478
44.959999084473	-0.020810354501009	-0.015613072551787
44.976001739502	-0.021092366427183	-0.015235958620906
44.992000579834	-0.021367440000176	-0.014853343367577
45.007999420166	-0.021635454148054	-0.014465385116637
45.023998260498	-0.021896325051785	-0.014072201214731
45.040000915527	-0.022149935364723	-0.013673950918019
45.055999755859	-0.022396216169000	-0.013270733878016
45.071998596191	-0.022635061293840	-0.012862710282207
45.088001251221	-0.022866377606988	-0.012450026348233
45.104000091553	-0.023090073838830	-0.012032825499773
45.119998931885	-0.023306097835302	-0.011611188761890
45.136001586914	-0.023514330387115	-0.011185326613486
45.152000427246	-0.023714698851109	-0.010755366645753
45.167999267578	-0.023907130584121	-0.010321433655918
45.183998107910	-0.024091567844152	-0.0098836338147521
45.200000762939	-0.024267904460430	-0.0094421887770295
45.215999603271	-0.024436086416245	-0.0089971777051687
45.231998443604	-0.024596039205790	-0.0085487794131041
45.248001098633	-0.024747692048550	-0.0080971261486411
45.263999938965	-0.024890976026654	-0.0076423729769886
45.279998779297	-0.025025838986039	-0.0071846283972263
45.296001434326	-0.025152210146189	-0.0067240507341921
45.312000274658	-0.025270016863942	-0.0062608234584332
45.327999114990	-0.025379214435816	-0.0057950359769166
45.344001770020	-0.025479720905423	-0.0053269211202860
45.360000610352	-0.025571497157216	-0.0048565710894763
45.375999450684	-0.025654487311840	-0.0043841004371643
45.391998291016	-0.025728616863489	-0.0039097494445741
45.408000946045	-0.025793844833970	-0.0034336370881647
45.423999786377	-0.025850115343928	-0.0029559074901044
45.439998626709	-0.025897379964590	-0.0024767073336989
45.456001281738	-0.025935582816601	-0.0019962096121162
45.472000122070	-0.025964679196477	-0.0015145883662626
45.487998962402	-0.025984620675445	-0.0010319706052542
45.504001617432	-0.025995356962085	-0.00054858403746039
45.520000457764	-0.025996852666140	-6.4534469856881e-05
45.535999298096	-0.025989059358835	0.00041999586392194
45.551998138428	-0.025971937924623	0.00090479804202914
45.568000793457	-0.025945447385311	0.0013897599419579
45.583999633789	-0.025909557938576	0.0018746684072539
45.599998474121	-0.025864228606224	0.0023593329824507
45.616001129150	-0.025809429585934	0.0028436095453799
45.631999969482	-0.025745138525963	0.0033272546716034
45.647998809814	-0.025671316310763	0.0038101682439446
45.664001464844	-0.025587946176529	0.0042921025305986
45.680000305176	-0.025495007634163	0.0047728801146150
45.695999145508	-0.025392483919859	0.0052522956393659
45.712001800537	-0.025280360132456	0.0057301437482238
45.728000640869	-0.025158626958728	0.0062062400393188
45.743999481201	-0.025027273222804	0.0066803977824748
45.759998321533	-0.024886302649975	0.0071523799560964
45.776000976562	-0.024735709652305	0.0076219947077334
45.791999816895	-0.024575497955084	0.0080890497192740
45.807998657227	-0.024405702948570	0.0085532544180751
45.824001312256	-0.024226307868958	0.0090144835412502
45.840000152588	-0.024037353694439	0.0094724660739303
45.855998992920	-0.023838864639401	0.0099269784986973
45.872001647949	-0.023630868643522	0.010377818718553
45.888000488281	-0.023413401097059	0.010824760422111
45.903999328613	-0.023186504840851	0.011267573572695
45.919998168945	-0.022950241342187	0.011706008575857
45.936000823975	-0.022704651579261	0.012139855884016
45.951999664307	-0.022449813783169	0.012568864971399
45.967998504639	-0.022185785695910	0.012992826290429
45.984001159668	-0.021912660449743	0.013411466032267
46.000000000000	-0.021630512550473	0.013824572786689
46.015998840332	-0.021339429542422	0.014231920242310
46.032001495361	-0.021039504557848	0.014633272774518
46.048000335693	-0.020730869844556	0.015028363093734
46.063999176025	-0.020413618534803	0.015416985377669
46.080001831055	-0.020087871700525	0.015798909589648
46.096000671387	-0.019753780215979	0.016173871234059
46.111999511719	-0.019411493092775	0.016541631892323
46.127998352051	-0.019061118364334	0.016902007162571
46.144001007080	-0.018702849745750	0.017254725098610
46.159999847412	-0.018336810171604	0.017599605023861
46.175998687744	-0.017963228747249	0.017936365678906
46.192001342773	-0.017582241445780	0.018264833837748
46.208000183105	-0.017194060608745	0.018584772944450
46.223999023438	-0.016798885539174	0.018895966932178
46.240001678467	-0.016396913677454	0.019198223948479
46.256000518799	-0.015988361090422	0.019491335377097
46.271999359131	-0.015573449432850	0.019775103777647
46.287998199463	-0.015152434818447	0.020049320533872
46.304000854492	-0.014725518412888	0.020313832908869
46.319999694824	-0.014293002896011	0.020568413659930
46.335998535156	-0.013855086639524	0.020812939852476
46.352001190186	-0.013412085361779	0.021047201007605
46.368000030518	-0.012964232824743	0.021271074190736
46.383998870850	-0.012511796317995	0.021484410390258
46.400001525879	-0.012055119499564	0.021687034517527
46.416000366211	-0.011594424955547	0.021878855302930
46.431999206543	-0.011130042374134	0.022059727460146
46.448001861572	-0.010662310756743	0.022229522466660
46.464000701904	-0.010191464796662	0.022388173267245
46.479999542236	-0.0097178947180510	0.022535551339388
46.495998382568	-0.0092418650165200	0.022671598941088
46.512001037598	-0.0087637295946479	0.022796230390668
46.527999877930	-0.0082838013768196	0.022909391671419
46.543998718262	-0.0078023998066783	0.023011036217213
46.560001373291	-0.0073198839090765	0.023101117461920
46.576000213623	-0.0068365968763828	0.023179607465863
46.591999053955	-0.0063528604805470	0.023246498778462
46.608001708984	-0.0058690193109214	0.023301791399717
46.624000549316	-0.0053853932768106	0.023345496505499
46.639999389648	-0.0049023488536477	0.023377632722259
46.655998229980	-0.0044202515855432	0.023398231714964
46.672000885010	-0.0039393980987370	0.023407353088260
46.687999725342	-0.0034601492807269	0.023405048996210
46.703998565674	-0.0029828639235348	0.023391397669911
46.720001220703	-0.0025078314356506	0.023366488516331
46.736000061035	-0.0020354252774268	0.023330416530371
46.751998901367	-0.0015659487107769	0.023283297196031
46.768001556396	-0.0010997664649040	0.023225251585245
46.784000396729	-0.00063717132434249	0.023156421259046
46.799999237061	-0.00017849431606010	0.023076955229044
46.816001892090	0.00027596231666394	0.022987015545368
46.832000732422	0.00072588142938912	0.022886775434017
46.847999572754	0.0011709755053744	0.022776421159506
46.863998413086	0.0016109434654936	0.022656152024865
46.880001068115	0.0020455359481275	0.022526172921062
46.895999908447	0.0024744269903749	0.022386705502868
46.911998748779	0.0028973650187254	0.022237978875637
46.928001403809	0.0033141295425594	0.022080233320594
46.944000244141	0.0037244257982820	0.021913722157478
46.959999084473	0.0041280342265964	0.021738702431321
46.976001739502	0.0045247455127537	0.021555438637733
46.992000579834	0.0049143428914249	0.021364208310843
47.007999420166	0.0052966005168855	0.021165300160646
47.023998260498	0.0056713260710239	0.020959010347724
47.040000915527	0.0060383798554540	0.020745625719428
47.055999755859	0.0063975756056607	0.020525455474854
47.071998596191	0.0067487233318388	0.020298825576901
47.088001251221	0.0070917601697147	0.020066024735570
47.104000091553	0.0074265226721764	0.019827386364341
47.119998931885	0.0077528809197247	0.019583240151405
47.136001586914	0.0080707585439086	0.019333913922310
47.152000427246	0.0083800712600350	0.019079728052020
47.167999267578	0.0086807701736689	0.018821010366082
47.183998107910	0.0089727472513914	0.018558116629720
47.200000762939	0.0092560164630413	0.018291357904673
47.215999603271	0.0095305172726512	0.018021084368229
47.231998443604	0.0097962748259306	0.017747608944774
47.248001098633	0.010053273290396	0.017471272498369
47.263999938965	0.010301529429853	0.017192404717207
47.279998779297	0.010541074909270	0.016911335289478
47.296001434326	0.010771951638162	0.016628382727504
47.312000274658	0.010994236916304	0.016343861818314
47.327999114990	0.011208010837436	0.016058074310422
47.344001770020	0.011413310654461	0.015771364793181
47.360000610352	0.011610294692218	0.015483996830881
47.375999450684	0.011799066327512	0.015196268446743
47.391998291016	0.011979742906988	0.014908473007381
47.408000946045	0.012152449227870	0.014620895497501
47.423999786377	0.012317367829382	0.014333783648908
47.439998626709	0.012474631890655	0.014047418721020
47.456001281738	0.012624411843717	0.013762054964900
47.472000122070	0.012766924686730	0.013477896340191
47.487998962402	0.012902328744531	0.013195202685893
47.504001617432	0.013030842877924	0.012914177030325
47.520000457764	0.013152653351426	0.012635046616197
47.535999298096	0.013268012553453	0.012357967905700
47.551998138428	0.013377142138779	0.012083125300705
47.568000793457	0.013480231165886	0.011810731142759
47.583999633789	0.013577575795352	0.011540873907506
47.599998474121	0.013669371604919	0.011273745447397
47.616001129150	0.013755897060037	0.011009440757334
47.631999969482	0.013837372884154	0.010748104192317
47.647998809814	0.013914093375206	0.010489782318473
47.664001464844	0.013986264355481	0.010234629735351
47.680000305176	0.014054203405976	0.0099826315417886
47.695999145508	0.014118123799562	0.0097339069470763
47.712001800537	0.014178296551108	0.0094884755089879
47.728000640869	0.014234985224903	0.0092463567852974
47.743999481201	0.014288453385234	0.0090075526386499
47.759998321533	0.014338924549520	0.0087721049785614
47.776000976562	0.014386687427759	0.0085399402305484
47.791999816895	0.014431967400014	0.0083110546693206
47.807998657227	0.014475014992058	0.0080853998661041
47.824001312256	0.014516057446599	0.0078629301860929
47.840000152588	0.014555343426764	0.0076435511000454
47.855998992920	0.014593079686165	0.0074272002093494
47.872001647949	0.014629499055445	0.0072137531824410
47.888000488281	0.014664797112346	0.0070031373761594
47.903999328613	0.014699181541800	0.0067952121607959
47.919998168945	0.014732849784195	0.0065898341126740
47.936000823975	0.014765982516110	0.0063868658617139
47.951999664307	0.014798740856349	0.0061861788854003
47.967998504639	0.014831286855042	0.0059875957667828
47.984001159668	0.014863775111735	0.0057909493334591
48.000000000000	0.014896337874234	0.0055960668250918
48.015998840332	0.014929101802409	0.0054027563892305
48.032001495361	0.014962177723646	0.0052108210511506
48.048000335693	0.014995665289462	0.0050200750119984
48.063999176025	0.015029645524919	0.0048303138464689
48.080001831055	0.015064197592437	0.0046413158997893
48.096000671387	0.015099367126822	0.0044528981670737
48.111999511719	0.015135208144784	0.0042648189701140
48.127998352051	0.015171746723354	0.0040768608450890
48.144001007080	0.015208992175758	0.0038888338021934
48.159999847412	0.015246943570673	0.0037005180492997
48.175998687744	0.015285592526197	0.0035116767976433
48.192001342773	0.015324910171330	0.0033221016637981
48.208000183105	0.015364849939942	0.0031315677333623
48.223999023438	0.015405350364745	0.0029398808255792
48.240001678467	0.015446343459189	0.0027468455955386
48.256000518799	0.015487746335566	0.0025522243231535
48.271999359131	0.015529451891780	0.0023558526299894
48.287998199463	0.015571356751025	0.0021574944257736
48.304000854492	0.015613324940205	0.0019570188596845
48.319999694824	0.015655223280191	0.0017542091663927
48.335998535156	0.015696898102760	0.0015489255310968
48.352001190186	0.015738189220428	0.0013409873936325
48.368000030518	0.015778921544552	0.0011302621569484
48.383998870850	0.015818908810616	0.00091659283498302
48.400001525879	0.015857959166169	0.00069984176661819
48.416000366211	0.015895865857601	0.00047992254258133
48.431999206543	0.015932418406010	0.00025670978357084
48.448001861572	0.015967389568686	3.0130049708532e-05
48.464000701904	0.016000555828214	-0.00019992834131699
48.479999542236	0.016031680628657	-0.00043350856867619
48.495998382568	0.016060518100858	-0.00067066057818010
48.512001037598	0.016086826100945	-0.00091142585733905
48.527999877930	0.016110353171825	-0.0011558367405087
48.543998718262	0.016130842268467	-0.0014038850786164
48.560001373291	0.016148034483194	-0.0016555839683861
48.576000213623	0.016161672770977	-0.0019108896376565
48.591999053955	0.016171498224139	-0.0021697634365410
48.608001708984	0.016177248209715	-0.0024321551900357
48.624000549316	0.016178663820028	-0.0026980047114193
48.639999389648	0.016175486147404	-0.0029672088567168
48.655998229980	0.016167458146811	-0.0032396996393800
48.672000885010	0.016154332086444	-0.0035153203643858
48.687999725342	0.016135852783918	-0.0037939953617752
48.703998565674	0.016111794859171	-0.0040754834190011
48.720001220703	0.016081899404526	-0.0043597160838544
48.736000061035	0.016045961529016	-0.0046464451588690
48.751998901367	0.016003733500838	-0.0049355481751263
48.768001556396	0.015955019742250	-0.0052267862483859
48.784000396729	0.015899617224932	-0.0055199242196977
48.799999237061	0.015837322920561	-0.0058147604577243
48.816001892090	0.015767959877849	-0.0061110411770642
48.832000732422	0.015691362321377	-0.0064084995537996
48.847999572754	0.015607357025146	-0.0067069083452225
48.863998413086	0.015515813603997	-0.0070059532299638
48.880001068115	0.015416595153511	-0.0073053585365415
48.895999908447	0.015309587121010	-0.0076048271730542
48.911998748779	0.015194673091173	-0.0079040825366974
48.928001403809	0.015071778558195	-0.0082027846947312
48.944000244141	0.014940834604204	-0.0085006160661578
48.959999084473	0.014801772311330	-0.0087972711771727
48.976001739502	0.014654561877251	-0.0090924110263586
48.992000579834	0.014499178156257	-0.0093857068568468
49.007999420166	0.014335601590574	-0.0096768429502845
49.023998260498	0.014163859188557	-0.0099654598161578
49.040000915527	0.013983982615173	-0.010251211933792
49.055999755859	0.013795999810100	-0.010533795692027
49.071998596191	0.013599993661046	-0.010812839493155
49.088001251221	0.013396034017205	-0.011088031344116
49.104000091553	0.013184206560254	-0.011359042488039
49.119998931885	0.012964655645192	-0.011625517159700
49.136001586914	0.012737483717501	-0.011887162923813
49.152000427246	0.012502866797149	-0.012143634259701
49.167999267578	0.012260936200619	-0.012394651770592
49.183998107910	0.012011904269457	-0.012639885768294
49.200000762939	0.011755966581404	-0.012879033572972
49.215999603271	0.011493318714201	-0.013111836276948
49.231998443604	0.011224186979234	-0.013338010758162
49.248001098633	0.010948828421533	-0.013557280413806
49.263999938965	0.010667487047613	-0.013769400306046
49.279998779297	0.010380445979536	-0.013974120840430
49.296001434326	0.010087975300848	-0.014171222224832
49.312000274658	0.0097903665155172	-0.014360490255058
49.327999114990	0.0094879092648625	-0.014541736803949
49.344001770020	0.0091809453442693	-0.014714756980538
49.360000610352	0.0088697690516710	-0.014879402704537
49.375999450684	0.0085547389462590	-0.015035508200526
49.391998291016	0.0082361772656441	-0.015182943083346
49.408000946045	0.0079144136980176	-0.015321603044868
49.423999786377	0.0075898105278611	-0.015451377257705
49.439998626709	0.0072627202607691	-0.015572185628116
49.456001281738	0.0069335144944489	-0.015683962032199
49.472000122070	0.0066025205887854	-0.015786670148373
49.487998962402	0.0062701283022761	-0.015880273655057
49.504001617432	0.0059366966597736	-0.015964765101671
49.520000457764	0.0056025693193078	-0.016040163114667
49.535999298096	0.0052681029774249	-0.016106493771076
49.551998138428	0.0049336827360094	-0.016163798049092
49.568000793457	0.0045996271073818	-0.016212150454521
49.583999633789	0.0042662974447012	-0.016251629218459
49.599998474121	0.0039340318180621	-0.016282334923744
49.616001129150	0.0036031489726156	-0.016304390504956
49.631999969482	0.0032740202732384	-0.016317922621965
49.647998809814	0.0029469004366547	-0.016323095187545
49.664001464844	0.0026221591979265	-0.016320060938597
49.680000305176	0.0023000473156571	-0.016309015452862
49.695999145508	0.0019808365032077	-0.016290154308081
49.712001800537	0.0016648480668664	-0.016263678669930
49.728000640869	0.0013522993540391	-0.016229825094342
49.743999481201	0.0010434716241434	-0.016188822686672
49.759998321533	0.00073857116512954	-0.016140921041369
49.776000976562	0.00043780633131973	-0.016086380928755
49.791999816895	0.00014137156540528	-0.016025468707085
49.807998657227	-0.00015053790411912	-0.015958463773131
49.824001312256	-0.00043775685480796	-0.015885649248958
49.840000152588	-0.00072014995384961	-0.015807313844562
49.855998992920	-0.00099756661802530	-0.015723761171103
49.872001647949	-0.0012699166545644	-0.015635289251804
49.888000488281	-0.0015371090266854	-0.015542200766504
49.903999328613	-0.0017990682972595	-0.015444806776941
49.919998168945	-0.0020557479001582	-0.015343413688242
49.936000823975	-0.0023070864845067	-0.015238331630826
49.951999664307	-0.0025530809070915	-0.015129867009819
49.967998504639	-0.0027937414124608	-0.015018323436379
49.984001159668	-0.0030290768481791	-0.014904004521668
50.000000000000	-0.0032591377384961	-0.014787205494940
