34.000000000000	0.62892067432404	 -0.36982026696205	49.550467268629	0.0000000000000
34.015998840332	0.62474071979523	 -0.37547922134399	49.550467268629	0.0000000000000
34.032001495361	0.62050473690033	 -0.38110432028770	49.550467268629	0.0000000000000
34.048000335693	0.61621224880219	 -0.38669526576996	49.550467268629	0.0000000000000
34.063999176025	0.61186283826828	 -0.39225155115128	49.550467268629	0.0000000000000
34.080001831055	0.60745614767075	 -0.39777269959450	49.550467268629	0.0000000000000
34.096000671387	0.60299164056778	 -0.40325814485550	49.550467268629	0.0000000000000
34.111999511719	0.59846901893616	 -0.40870732069016	49.550467268629	0.0000000000000
34.127998352051	0.59388780593872	 -0.41411963105202	49.550467268629	0.0000000000000
34.144001007080	0.58924758434296	 -0.41949430108070	49.550467268629	0.0000000000000
34.159999847412	0.58454787731171	 -0.42483067512512	49.550467268629	0.0000000000000
34.175998687744	0.57978838682175	 -0.43012788891792	49.550467268629	0.0000000000000
34.192001342773	0.57496857643127	 -0.43538513779640	49.550467268629	0.0000000000000
34.208000183105	0.57008826732635	 -0.44060152769089	49.550467268629	0.0000000000000
34.223999023438	0.56514686346054	 -0.44577610492706	49.550467268629	0.0000000000000
34.240001678467	0.56014424562454	 -0.45090794563293	49.550467268629	0.0000000000000
34.256000518799	0.55507999658585	 -0.45599603652954	49.550467268629	0.0000000000000
34.271999359131	0.54995387792587	 -0.46103921532631	49.550467268629	0.0000000000000
34.287998199463	0.54476565122604	 -0.46603649854660	49.550467268629	0.0000000000000
34.304000854492	0.53951507806778	 -0.47098654508591	49.550467268629	0.0000000000000
34.319999694824	0.53420203924179	 -0.47588840126991	49.550467268629	0.0000000000000
34.335998535156	0.52882629632950	 -0.48074060678482	49.550467268629	0.0000000000000
34.352001190186	0.52338778972626	 -0.48554205894470	49.550467268629	0.0000000000000
34.368000030518	0.51788651943207	 -0.49029135704041	49.550467268629	0.0000000000000
34.383998870850	0.51232236623764	 -0.49498724937439	49.550467268629	0.0000000000000
34.400001525879	0.50669544935226	 -0.49962824583054	49.550467268629	0.0000000000000
34.416000366211	0.50100594758987	 -0.50421315431595	49.550467268629	0.0000000000000
34.431999206543	0.49525377154350	 -0.50874030590057	49.550467268629	0.0000000000000
34.448001861572	0.48943918943405	 -0.51320850849152	49.550467268629	0.0000000000000
34.464000701904	0.48356246948242	 -0.51761615276337	49.550467268629	0.0000000000000
34.479999542236	0.47762379050255	 -0.52196180820465	49.550467268629	0.0000000000000
34.495998382568	0.47162371873856	 -0.52624398469925	49.550467268629	0.0000000000000
34.512001037598	0.46556237339973	 -0.53046119213104	49.550467268629	0.0000000000000
34.527999877930	0.45944041013718	 -0.53461194038391	49.550467268629	0.0000000000000
34.543998718262	0.45325824618340	 -0.53869456052780	49.550467268629	0.0000000000000
34.560001373291	0.44701641798019	 -0.54270774126053	49.550467268629	0.0000000000000
34.576000213623	0.44071564078331	 -0.54664987325668	49.550467268629	0.0000000000000
34.591999053955	0.43435654044151	 -0.55051940679550	49.550467268629	0.0000000000000
34.608001708984	0.42793983221054	 -0.55431485176086	49.550467268629	0.0000000000000
34.624000549316	0.42146638035774	 -0.55803459882736	49.550467268629	0.0000000000000
34.639999389648	0.41493692994118	 -0.56167721748352	49.550467268629	0.0000000000000
34.655998229980	0.40835225582123	 -0.56524139642715	49.550467268629	0.0000000000000
34.672000885010	0.40171381831169	 -0.56872528791428	49.550467268629	0.0000000000000
34.687999725342	0.39502209424973	 -0.57212764024734	49.550467268629	0.0000000000000
34.703998565674	0.38827800750732	 -0.57544732093811	49.550467268629	0.0000000000000
34.720001220703	0.38148355484009	 -0.57868224382401	49.550467268629	0.0000000000000
34.736000061035	0.37463903427124	 -0.58183163404465	49.550467268629	0.0000000000000
34.751998901367	0.36774605512619	 -0.58489370346069	49.550467268629	0.0000000000000
34.768001556396	0.36080580949783	 -0.58786731958389	49.550467268629	0.0000000000000
34.784000396729	0.35381969809532	 -0.59075099229813	49.550467268629	0.0000000000000
34.799999237061	0.34678885340691	 -0.59354370832443	49.550467268629	0.0000000000000
34.816001892090	0.33971482515335	 -0.59624403715134	49.550467268629	0.0000000000000
34.832000732422	0.33259892463684	 -0.59885090589523	49.550467268629	0.0000000000000
34.847999572754	0.32544302940369	 -0.60136282444000	49.550467268629	0.0000000000000
34.863998413086	0.31824824213982	 -0.60377907752991	49.550467268629	0.0000000000000
34.880001068115	0.31101632118225	 -0.60609823465347	49.550467268629	0.0000000000000
34.895999908447	0.30374896526337	 -0.60831940174103	49.550467268629	0.0000000000000
34.911998748779	0.29644751548767	 -0.61044162511826	49.550467268629	0.0000000000000
34.928001403809	0.28911396861076	 -0.61246371269226	49.550467268629	0.0000000000000
34.944000244141	0.28174969553947	 -0.61438500881195	49.550467268629	0.0000000000000
34.959999084473	0.27435636520386	 -0.61620450019836	49.550467268629	0.0000000000000
34.976001739502	0.26693597435951	 -0.61792141199112	49.550467268629	0.0000000000000
34.992000579834	0.25949040055275	 -0.61953479051590	49.550467268629	0.0000000000000
35.007999420166	0.25202128291130	 -0.62104403972626	49.550467268629	0.0000000000000
35.023998260498	0.24453023076057	 -0.62244850397110	49.550467268629	0.0000000000000
35.040000915527	0.23701927065849	 -0.62374752759933	49.550467268629	0.0000000000000
35.055999755859	0.22948999702930	 -0.62494051456451	49.550467268629	0.0000000000000
35.071998596191	0.22194480895996	 -0.62602663040161	49.550467268629	0.0000000000000
35.088001251221	0.21438521146774	 -0.62700575590134	49.550467268629	0.0000000000000
35.104000091553	0.20681275427341	 -0.62787735462189	49.550467268629	0.0000000000000
35.119998931885	0.19922998547554	 -0.62864083051682	49.550467268629	0.0000000000000
35.136001586914	0.19163824617863	 -0.62929594516754	49.550467268629	0.0000000000000
35.152000427246	0.18403965234756	 -0.62984234094620	49.550467268629	0.0000000000000
35.167999267578	0.17643642425537	 -0.63027977943420	49.550467268629	0.0000000000000
35.183998107910	0.16882954537868	 -0.63060808181763	49.550467268629	0.0000000000000
35.200000762939	0.16122193634510	 -0.63082695007324	49.550467268629	0.0000000000000
35.215999603271	0.15361475944519	 -0.63093626499176	49.550467268629	0.0000000000000
35.231998443604	0.14601008594036	 -0.63093602657318	49.550467268629	0.0000000000000
35.248001098633	0.13841012120247	 -0.63082599639893	49.550467268629	0.0000000000000
35.263999938965	0.13081610202789	 -0.63060641288757	49.550467268629	0.0000000000000
35.279998779297	0.12323051691055	 -0.63027697801590	49.550467268629	0.0000000000000
35.296001434326	0.11565493047237	 -0.62983793020248	49.550467268629	0.0000000000000
35.312000274658	0.10809116810560	 -0.62928926944733	49.550467268629	0.0000000000000
35.327999114990	0.10054117441177	 -0.62863123416901	49.550467268629	0.0000000000000
35.344001770020	0.093006618320942	 -0.62786388397217	49.550467268629	0.0000000000000
35.360000610352	0.085489511489868	 -0.62698745727539	49.550467268629	0.0000000000000
35.375999450684	0.077991545200348	 -0.62600207328796	49.550467268629	0.0000000000000
35.391998291016	0.070514425635338	 -0.62490820884705	49.550467268629	0.0000000000000
35.408000946045	0.063060134649277	 -0.62370586395264	49.550467268629	0.0000000000000
35.423999786377	0.055630158632994	 -0.62239557504654	49.550467268629	0.0000000000000
35.439998626709	0.048226475715637	 -0.62097752094269	49.550467268629	0.0000000000000
35.456001281738	0.040850784629583	 -0.61945211887360	49.550467268629	0.0000000000000
35.472000122070	0.033504702150822	 -0.61781972646713	49.550467268629	0.0000000000000
35.487998962402	0.026190072298050	 -0.61608082056046	49.550467268629	0.0000000000000
35.504001617432	0.018908504396677	 -0.61423569917679	49.550467268629	0.0000000000000
35.520000457764	0.011661690659821	 -0.61228495836258	49.550467268629	0.0000000000000
35.535999298096	0.0044512436725199	 -0.61022901535034	49.550467268629	0.0000000000000
35.551998138428	 -0.0027210763655603	 -0.60806828737259	49.550467268629	0.0000000000000
35.568000793457	 -0.0098535846918821	 -0.60580331087112	49.550467268629	0.0000000000000
35.583999633789	 -0.016944741830230	 -0.60343462228775	49.550467268629	0.0000000000000
35.599998474121	 -0.023993005976081	 -0.60096281766891	49.550467268629	0.0000000000000
35.616001129150	 -0.030996551737189	 -0.59838831424713	49.550467268629	0.0000000000000
35.631999969482	 -0.037953969091177	 -0.59571176767349	49.550467268629	0.0000000000000
35.647998809814	 -0.044863443821669	 -0.59293371438980	49.550467268629	0.0000000000000
35.664001464844	 -0.051723562180996	 -0.59005481004715	49.550467268629	0.0000000000000
35.680000305176	 -0.058532707393169	 -0.58707565069199	49.550467268629	0.0000000000000
35.695999145508	 -0.065289117395878	 -0.58399689197540	49.550467268629	0.0000000000000
35.712001800537	 -0.071991510689259	 -0.58081901073456	49.550467268629	0.0000000000000
35.728000640869	 -0.078638136386871	 -0.57754284143448	49.550467268629	0.0000000000000
35.743999481201	 -0.085227407515049	 -0.57416898012161	49.550467268629	0.0000000000000
35.759998321533	 -0.091757781803608	 -0.57069808244705	49.550467268629	0.0000000000000
35.776000976562	 -0.098227672278881	 -0.56713086366653	49.550467268629	0.0000000000000
35.791999816895	 -0.10463563352823	 -0.56346803903580	49.550467268629	0.0000000000000
35.807998657227	 -0.11097995191813	 -0.55971032381058	49.550467268629	0.0000000000000
35.824001312256	 -0.11725916713476	 -0.55585849285126	49.550467268629	0.0000000000000
35.840000152588	 -0.12347155064344	 -0.55191320180893	49.550467268629	0.0000000000000
35.855998992920	 -0.12961554527283	 -0.54787540435791	49.550467268629	0.0000000000000
35.872001647949	 -0.13568976521492	 -0.54374563694000	49.550467268629	0.0000000000000
35.888000488281	 -0.14169244468212	 -0.53952491283417	49.550467268629	0.0000000000000
35.903999328613	 -0.14762200415134	 -0.53521394729614	49.550467268629	0.0000000000000
35.919998168945	 -0.15347689390182	 -0.53081369400024	49.550467268629	0.0000000000000
35.936000823975	 -0.15925545990467	 -0.52632486820221	49.550467268629	0.0000000000000
35.951999664307	 -0.16495603322983	 -0.52174854278564	49.550467268629	0.0000000000000
35.967998504639	 -0.17057722806931	 -0.51708543300629	49.550467268629	0.0000000000000
35.984001159668	 -0.17611718177795	 -0.51233667135239	49.550467268629	0.0000000000000
36.000000000000	 -0.18157424032688	 -0.50750309228897	49.550467268629	0.0000000000000
36.015998840332	 -0.18694695830345	 -0.50258576869965	49.550467268629	0.0000000000000
36.032001495361	 -0.19223345816135	 -0.49758565425873	49.550467268629	0.0000000000000
36.048000335693	 -0.19743214547634	 -0.49250391125679	49.550467268629	0.0000000000000
36.063999176025	 -0.20254147052765	 -0.48734149336815	49.550467268629	0.0000000000000
36.080001831055	 -0.20755964517593	 -0.48209968209267	49.550467268629	0.0000000000000
36.096000671387	 -0.21248498558998	 -0.47677952051163	49.550467268629	0.0000000000000
36.111999511719	 -0.21731586754322	 -0.47138229012489	49.550467268629	0.0000000000000
36.127998352051	 -0.22205044329166	 -0.46590912342072	49.550467268629	0.0000000000000
36.144001007080	 -0.22668708860874	 -0.46036145091057	49.550467268629	0.0000000000000
36.159999847412	 -0.23122413456440	 -0.45474049448967	49.550467268629	0.0000000000000
36.175998687744	 -0.23565983772278	 -0.44904759526253	49.550467268629	0.0000000000000
36.192001342773	 -0.23999261856079	 -0.44328415393829	49.550467268629	0.0000000000000
36.208000183105	 -0.24422051012516	 -0.43745180964470	49.550467268629	0.0000000000000
36.223999023438	 -0.24834188818932	 -0.43155193328857	49.550467268629	0.0000000000000
36.240001678467	 -0.25235512852669	 -0.42558610439301	49.550467268629	0.0000000000000
36.256000518799	 -0.25625842809677	 -0.41955593228340	49.550467268629	0.0000000000000
36.271999359131	 -0.26005017757416	 -0.41346305608749	49.550467268629	0.0000000000000
36.287998199463	 -0.26372846961021	 -0.40730938315392	49.550467268629	0.0000000000000
36.304000854492	 -0.26729184389114	 -0.40109649300575	49.550467268629	0.0000000000000
36.319999694824	 -0.27073863148689	 -0.39482623338699	49.550467268629	0.0000000000000
36.335998535156	 -0.27406692504883	 -0.38850063085556	49.550467268629	0.0000000000000
36.352001190186	 -0.27727544307709	 -0.38212144374847	49.550467268629	0.0000000000000
36.368000030518	 -0.28036218881607	 -0.37569099664688	49.550467268629	0.0000000000000
36.383998870850	 -0.28332576155663	 -0.36921107769012	49.550467268629	0.0000000000000
36.400001525879	 -0.28616455197334	 -0.36268398165703	49.550467268629	0.0000000000000
36.416000366211	 -0.28887689113617	 -0.35611197352409	49.550467268629	0.0000000000000
36.431999206543	 -0.29146134853363	 -0.34949716925621	49.550467268629	0.0000000000000
36.448001861572	 -0.29391649365425	 -0.34284192323685	49.550467268629	0.0000000000000
36.464000701904	 -0.29624071717262	 -0.33614873886108	49.550467268629	0.0000000000000
36.479999542236	 -0.29843264818192	 -0.32942003011703	49.550467268629	0.0000000000000
36.495998382568	 -0.30049088597298	 -0.32265827059746	49.550467268629	0.0000000000000
36.512001037598	 -0.30241405963898	 -0.31586623191833	49.550467268629	0.0000000000000
36.527999877930	 -0.30420082807541	 -0.30904647707939	49.550467268629	0.0000000000000
36.543998718262	 -0.30585011839867	 -0.30220159888268	49.550467268629	0.0000000000000
36.560001373291	 -0.30736064910889	 -0.29533448815346	49.550467268629	0.0000000000000
36.576000213623	 -0.30873116850853	 -0.28844809532166	49.550467268629	0.0000000000000
36.591999053955	 -0.30996072292328	 -0.28154513239861	49.550467268629	0.0000000000000
36.608001708984	 -0.31104820966721	 -0.27462878823280	49.550467268629	0.0000000000000
36.624000549316	 -0.31199267506599	 -0.26770198345184	49.550467268629	0.0000000000000
36.639999389648	 -0.31279322504997	 -0.26076784729958	49.550467268629	0.0000000000000
36.655998229980	 -0.31344914436340	 -0.25382938981056	49.550467268629	0.0000000000000
36.672000885010	 -0.31395959854126	 -0.24688990414143	49.550467268629	0.0000000000000
36.687999725342	 -0.31432384252548	 -0.23995280265808	49.550467268629	0.0000000000000
36.703998565674	 -0.31454142928123	 -0.23302118480206	49.550467268629	0.0000000000000
36.720001220703	 -0.31461179256439	 -0.22609847784042	49.550467268629	0.0000000000000
36.736000061035	 -0.31453451514244	 -0.21918810904026	49.550467268629	0.0000000000000
36.751998901367	 -0.31430929899216	 -0.21229341626167	49.550467268629	0.0000000000000
36.768001556396	 -0.31393584609032	 -0.20541803538799	49.550467268629	0.0000000000000
36.784000396729	 -0.31341400742531	 -0.19856546819210	49.550467268629	0.0000000000000
36.799999237061	 -0.31274384260178	 -0.19173917174339	49.550467268629	0.0000000000000
36.816001892090	 -0.31192526221275	 -0.18494284152985	49.550467268629	0.0000000000000
36.832000732422	 -0.31095850467682	 -0.17818008363247	49.550467268629	0.0000000000000
36.847999572754	 -0.30984383821487	 -0.17145450413227	49.550467268629	0.0000000000000
36.863998413086	 -0.30858156085014	 -0.16476981341839	49.550467268629	0.0000000000000
36.880001068115	 -0.30717217922211	 -0.15812970697880	49.550467268629	0.0000000000000
36.895999908447	 -0.30561631917953	 -0.15153783559799	49.550467268629	0.0000000000000
36.911998748779	 -0.30391460657120	 -0.14499799907207	49.550467268629	0.0000000000000
36.928001403809	 -0.30206787586212	 -0.13851392269135	49.550467268629	0.0000000000000
36.944000244141	 -0.30007702112198	 -0.13208921253681	49.550467268629	0.0000000000000
36.959999084473	 -0.29794305562973	 -0.12572781741619	49.550467268629	0.0000000000000
36.976001739502	 -0.29566717147827	 -0.11943330615759	49.550467268629	0.0000000000000
36.992000579834	 -0.29325062036514	 -0.11320938169956	49.550467268629	0.0000000000000
37.007999420166	 -0.29069480299950	 -0.10705980658531	49.550467268629	0.0000000000000
37.023998260498	 -0.28800117969513	 -0.10098829120398	49.550467268629	0.0000000000000
37.040000915527	 -0.28517141938210	 -0.094998441636562	49.550467268629	0.0000000000000
37.055999755859	 -0.28220722079277	 -0.089093916118145	49.550467268629	0.0000000000000
37.071998596191	 -0.27911046147346	 -0.083278276026249	49.550467268629	0.0000000000000
37.088001251221	 -0.27588310837746	 -0.077555142343044	49.550467268629	0.0000000000000
37.104000091553	 -0.27252724766731	 -0.071928024291992	49.550467268629	0.0000000000000
37.119998931885	 -0.26904505491257	 -0.066400483250618	49.550467268629	0.0000000000000
37.136001586914	 -0.26543888449669	 -0.060975860804319	49.550467268629	0.0000000000000
37.152000427246	 -0.26171123981476	 -0.055657502263784	49.550467268629	0.0000000000000
37.167999267578	 -0.25786459445953	 -0.050448764115572	49.550467268629	0.0000000000000
37.183998107910	 -0.25390163064003	 -0.045353002846241	49.550467268629	0.0000000000000
37.200000762939	 -0.24982509016991	 -0.040373295545578	49.550467268629	0.0000000000000
37.215999603271	 -0.24563789367676	 -0.035512909293175	49.550467268629	0.0000000000000
37.231998443604	 -0.24134305119514	 -0.030774615705013	49.550467268629	0.0000000000000
37.248001098633	 -0.23694361746311	 -0.026161666959524	49.550467268629	0.0000000000000
37.263999938965	 -0.23244278132915	 -0.021676719188690	49.550467268629	0.0000000000000
37.279998779297	 -0.22784386575222	 -0.017322698608041	49.550467268629	0.0000000000000
37.296001434326	 -0.22315023839474	 -0.013102238997817	49.550467268629	0.0000000000000
37.312000274658	 -0.21836538612843	 -0.0090179303660989	49.550467268629	0.0000000000000
37.327999114990	 -0.21349290013313	 -0.0050723222084343	49.550467268629	0.0000000000000
37.344001770020	 -0.20853638648987	 -0.0012678306084126	49.550467268629	0.0000000000000
37.360000610352	 -0.20349964499474	0.0023933802731335	49.550467268629	0.0000000000000
37.375999450684	 -0.19838644564152	0.0059089851565659	49.550467268629	0.0000000000000
37.391998291016	 -0.19320070743561	0.0092770578339696	49.550467268629	0.0000000000000
37.408000946045	 -0.18794639408588	0.012495519593358	49.550467268629	0.0000000000000
37.423999786377	 -0.18262754380703	0.015562655404210	49.550467268629	0.0000000000000
37.439998626709	 -0.17724822461605	0.018476758152246	49.550467268629	0.0000000000000
37.456001281738	 -0.17181262373924	0.021236181259155	49.550467268629	0.0000000000000
37.472000122070	 -0.16632491350174	0.023839570581913	49.550467268629	0.0000000000000
37.487998962402	 -0.16078938543797	0.026285527274013	49.550467268629	0.0000000000000
37.504001617432	 -0.15521033108234	0.028572861105204	49.550467268629	0.0000000000000
37.520000457764	 -0.14959208667278	0.030700605362654	49.550467268629	0.0000000000000
37.535999298096	 -0.14393903315067	0.032667715102434	49.550467268629	0.0000000000000
37.551998138428	 -0.13825555145741	0.034473590552807	49.550467268629	0.0000000000000
37.568000793457	 -0.13254609704018	0.036117505282164	49.550467268629	0.0000000000000
37.583999633789	 -0.12681511044502	0.037598896771669	49.550467268629	0.0000000000000
37.599998474121	 -0.12106705456972	0.038917470723391	49.550467268629	0.0000000000000
37.616001129150	 -0.11530641466379	0.040073029696941	49.550467268629	0.0000000000000
37.631999969482	 -0.10953763872385	0.041065506637096	49.550467268629	0.0000000000000
37.647998809814	 -0.10376521945000	0.041894901543856	49.550467268629	0.0000000000000
37.664001464844	 -0.097993656992912	0.042561404407024	49.550467268629	0.0000000000000
37.680000305176	 -0.092227376997471	0.043065398931503	49.550467268629	0.0000000000000
37.695999145508	 -0.086470805108547	0.043407436460257	49.550467268629	0.0000000000000
37.712001800537	 -0.080728396773338	0.043588038533926	49.550467268629	0.0000000000000
37.728000640869	 -0.075004532933235	0.043608013540506	49.550467268629	0.0000000000000
37.743999481201	 -0.069303572177887	0.043468259274960	49.550467268629	0.0000000000000
37.759998321533	 -0.063629820942879	0.043169844895601	49.550467268629	0.0000000000000
37.776000976562	 -0.057987578213215	0.042713914066553	49.550467268629	0.0000000000000
37.791999816895	 -0.052381046116352	0.042101811617613	49.550467268629	0.0000000000000
37.807998657227	 -0.046814482659101	0.041334874927998	49.550467268629	0.0000000000000
37.824001312256	 -0.041291926056147	0.040414780378342	49.550467268629	0.0000000000000
37.840000152588	 -0.035817477852106	0.039343174546957	49.550467268629	0.0000000000000
37.855998992920	 -0.030395111069083	0.038121886551380	49.550467268629	0.0000000000000
37.872001647949	 -0.025028774514794	0.036752846091986	49.550467268629	0.0000000000000
37.888000488281	 -0.019722327589989	0.035238094627857	49.550467268629	0.0000000000000
37.903999328613	 -0.014479530975223	0.033579807728529	49.550467268629	0.0000000000000
37.919998168945	 -0.0093040484935045	0.031780287623405	49.550467268629	0.0000000000000
37.936000823975	 -0.0041995244100690	0.029841903597116	49.550467268629	0.0000000000000
37.951999664307	0.00083058065501973	0.027767157182097	49.550467268629	0.0000000000000
37.967998504639	0.0057828160934150	0.025558641180396	49.550467268629	0.0000000000000
37.984001159668	0.010653870180249	0.023219043388963	49.550467268629	0.0000000000000
38.000000000000	0.015440515242517	0.020751155912876	49.550467268629	0.0000000000000
38.015998840332	0.020139649510384	0.018157849088311	49.550467268629	0.0000000000000
38.032001495361	0.024748273193836	0.015442064963281	49.550467268629	0.0000000000000
38.048000335693	0.029263472184539	0.012606864795089	49.550467268629	0.0000000000000
38.063999176025	0.033682469278574	0.0096553433686495	49.550467268629	0.0000000000000
38.080001831055	0.038002595305443	0.0065906904637814	49.550467268629	0.0000000000000
38.096000671387	0.042221289128065	0.0034161629155278	49.550467268629	0.0000000000000
38.111999511719	0.046336121857166	0.00013505769311450	49.550467268629	0.0000000000000
38.127998352051	0.050344780087471	 -0.0032492433674634	49.550467268629	0.0000000000000
38.144001007080	0.054245054721832	 -0.0067333518527448	49.550467268629	0.0000000000000
38.159999847412	0.058034881949425	 -0.010313779115677	49.550467268629	0.0000000000000
38.175998687744	0.061712324619293	 -0.013986973091960	49.550467268629	0.0000000000000
38.192001342773	0.065275534987450	 -0.017749471589923	49.550467268629	0.0000000000000
38.208000183105	0.068722844123840	 -0.021597627550364	49.550467268629	0.0000000000000
38.223999023438	0.072052657604218	 -0.025527879595757	49.550467268629	0.0000000000000
38.240001678467	0.075263530015945	 -0.029536575078964	49.550467268629	0.0000000000000
38.256000518799	0.078354150056839	 -0.033620059490204	49.550467268629	0.0000000000000
38.271999359131	0.081323340535164	 -0.037774652242661	49.550467268629	0.0000000000000
38.287998199463	0.084169983863831	 -0.041996773332357	49.550467268629	0.0000000000000
38.304000854492	0.086893133819103	 -0.046282745897770	49.550467268629	0.0000000000000
38.319999694824	0.089492037892342	 -0.050628792494535	49.550467268629	0.0000000000000
38.335998535156	0.091965943574905	 -0.055031318217516	49.550467268629	0.0000000000000
38.352001190186	0.094314284622669	 -0.059486705809832	49.550467268629	0.0000000000000
38.368000030518	0.096536591649055	 -0.063991308212280	49.550467268629	0.0000000000000
38.383998870850	0.098632544279099	 -0.068541467189789	49.550467268629	0.0000000000000
38.400001525879	0.10060191154480	 -0.073133632540703	49.550467268629	0.0000000000000
38.416000366211	0.10244458168745	 -0.077764235436916	49.550467268629	0.0000000000000
38.431999206543	0.10416053980589	 -0.082429789006710	49.550467268629	0.0000000000000
38.448001861572	0.10574994981289	 -0.087126724421978	49.550467268629	0.0000000000000
38.464000701904	0.10721303522587	 -0.091851606965065	49.550467268629	0.0000000000000
38.479999542236	0.10855005681515	 -0.096601098775864	49.550467268629	0.0000000000000
38.495998382568	0.10976151376963	 -0.10137178003788	49.550467268629	0.0000000000000
38.512001037598	0.11084790527821	 -0.10616037249565	49.550467268629	0.0000000000000
38.527999877930	0.11180989444256	 -0.11096359044313	49.550467268629	0.0000000000000
38.543998718262	0.11264812946320	 -0.11577831208706	49.550467268629	0.0000000000000
38.560001373291	0.11336343735456	 -0.12060140073299	49.550467268629	0.0000000000000
38.576000213623	0.11395684629679	 -0.12542966008186	49.550467268629	0.0000000000000
38.591999053955	0.11442917585373	 -0.13026024401188	49.550467268629	0.0000000000000
38.608001708984	0.11478145420551	 -0.13509023189545	49.550467268629	0.0000000000000
38.624000549316	0.11501494795084	 -0.13991668820381	49.550467268629	0.0000000000000
38.639999389648	0.11513088643551	 -0.14473676681519	49.550467268629	0.0000000000000
38.655998229980	0.11513049155474	 -0.14954787492752	49.550467268629	0.0000000000000
38.672000885010	0.11501499265432	 -0.15434740483761	49.550467268629	0.0000000000000
38.687999725342	0.11478596180677	 -0.15913270413876	49.550467268629	0.0000000000000
38.703998565674	0.11444483697414	 -0.16390132904053	49.550467268629	0.0000000000000
38.720001220703	0.11399295181036	 -0.16865099966526	49.550467268629	0.0000000000000
38.736000061035	0.11343210935593	 -0.17337924242020	49.550467268629	0.0000000000000
38.751998901367	0.11276389658451	 -0.17808386683464	49.550467268629	0.0000000000000
38.768001556396	0.11198978126049	 -0.18276287615299	49.550467268629	0.0000000000000
38.784000396729	0.11111146211624	 -0.18741415441036	49.550467268629	0.0000000000000
38.799999237061	0.11013077944517	 -0.19203568994999	49.550467268629	0.0000000000000
38.816001892090	0.10904958844185	 -0.19662556052208	49.550467268629	0.0000000000000
38.832000732422	0.10786932706833	 -0.20118211209774	49.550467268629	0.0000000000000
38.847999572754	0.10659208148718	 -0.20570351183414	49.550467268629	0.0000000000000
38.863998413086	0.10521950572729	 -0.21018819510937	49.550467268629	0.0000000000000
38.880001068115	0.10375343263149	 -0.21463464200497	49.550467268629	0.0000000000000
38.895999908447	0.10219594836235	 -0.21904125809669	49.550467268629	0.0000000000000
38.911998748779	0.10054828971624	 -0.22340697050095	49.550467268629	0.0000000000000
38.928001403809	0.098813012242317	 -0.22773012518883	49.550467268629	0.0000000000000
38.944000244141	0.096991598606110	 -0.23200969398022	49.550467268629	0.0000000000000
38.959999084473	0.095086023211479	 -0.23624448478222	49.550467268629	0.0000000000000
38.976001739502	0.093097761273384	 -0.24043360352516	49.550467268629	0.0000000000000
38.992000579834	0.091029077768326	 -0.24457585811615	49.550467268629	0.0000000000000
39.007999420166	0.088881470263004	 -0.24867045879364	49.550467268629	0.0000000000000
39.023998260498	0.086656920611858	 -0.25271654129028	49.550467268629	0.0000000000000
39.040000915527	0.084357216954231	 -0.25671333074570	49.550467268629	0.0000000000000
39.055999755859	0.081983990967274	 -0.26066014170647	49.550467268629	0.0000000000000
39.071998596191	0.079538971185684	 -0.26455637812614	49.550467268629	0.0000000000000
39.088001251221	0.077023684978485	 -0.26840144395828	49.550467268629	0.0000000000000
39.104000091553	0.074440158903599	 -0.27219483256340	49.550467268629	0.0000000000000
39.119998931885	0.071789979934692	 -0.27593603730202	49.550467268629	0.0000000000000
39.136001586914	0.069074578583241	 -0.27962476015091	49.550467268629	0.0000000000000
39.152000427246	0.066295437514782	 -0.28326061367989	49.550467268629	0.0000000000000
39.167999267578	0.063454560935497	 -0.28684329986572	49.550467268629	0.0000000000000
39.183998107910	0.060552664101124	 -0.29037269949913	49.550467268629	0.0000000000000
39.200000762939	0.057592231780291	 -0.29384836554527	49.550467268629	0.0000000000000
39.215999603271	0.054573446512222	 -0.29727041721344	49.550467268629	0.0000000000000
39.231998443604	0.051498416811228	 -0.30063858628273	49.550467268629	0.0000000000000
39.248001098633	0.048368655145168	 -0.30395281314850	49.550467268629	0.0000000000000
39.263999938965	0.045185033231974	 -0.30721303820610	49.550467268629	0.0000000000000
39.279998779297	0.041948683559895	 -0.31041932106018	49.550467268629	0.0000000000000
39.296001434326	0.038661256432533	 -0.31357160210609	49.550467268629	0.0000000000000
39.312000274658	0.035323183983564	 -0.31666997075081	49.550467268629	0.0000000000000
39.327999114990	0.031936489045620	 -0.31971445679665	49.550467268629	0.0000000000000
39.344001770020	0.028501346707344	 -0.32270514965057	49.550467268629	0.0000000000000
39.360000610352	0.025018775835633	 -0.32564213871956	49.550467268629	0.0000000000000
39.375999450684	0.021490693092346	 -0.32852545380592	49.550467268629	0.0000000000000
39.391998291016	0.017916953191161	 -0.33135533332825	49.550467268629	0.0000000000000
39.408000946045	0.014298756606877	 -0.33413183689117	49.550467268629	0.0000000000000
39.423999786377	0.010637276805937	 -0.33685505390167	49.550467268629	0.0000000000000
39.439998626709	0.0069331685081124	 -0.33952516317368	49.550467268629	0.0000000000000
39.456001281738	0.0031865474302322	 -0.34214228391647	49.550467268629	0.0000000000000
39.472000122070	 -0.00060121406568214	 -0.34470653533936	49.550467268629	0.0000000000000
39.487998962402	 -0.0044297571294010	 -0.34721803665161	49.550467268629	0.0000000000000
39.504001617432	 -0.0082984380424023	 -0.34967690706253	49.550467268629	0.0000000000000
39.520000457764	 -0.012206985615194	 -0.35208317637444	49.550467268629	0.0000000000000
39.535999298096	 -0.016154333949089	 -0.35443705320358	49.550467268629	0.0000000000000
39.551998138428	 -0.020140277221799	 -0.35673850774765	49.550467268629	0.0000000000000
39.568000793457	 -0.024163978174329	 -0.35898768901825	49.550467268629	0.0000000000000
39.583999633789	 -0.028225487098098	 -0.36118456721306	49.550467268629	0.0000000000000
39.599998474121	 -0.032324884086847	 -0.36332911252975	49.550467268629	0.0000000000000
39.616001129150	 -0.036460388451815	 -0.36542147397995	49.550467268629	0.0000000000000
39.631999969482	 -0.040632829070091	 -0.36746150255203	49.550467268629	0.0000000000000
39.647998809814	 -0.044841516762972	 -0.36944913864136	49.550467268629	0.0000000000000
39.664001464844	 -0.049086309969425	 -0.37138435244560	49.550467268629	0.0000000000000
39.680000305176	 -0.053366370499134	 -0.37326705455780	49.550467268629	0.0000000000000
39.695999145508	 -0.057682313024998	 -0.37509703636169	49.550467268629	0.0000000000000
39.712001800537	 -0.062032982707024	 -0.37687423825264	49.550467268629	0.0000000000000
39.728000640869	 -0.066419236361980	 -0.37859833240509	49.550467268629	0.0000000000000
39.743999481201	 -0.070839576423168	 -0.38026928901672	49.550467268629	0.0000000000000
39.759998321533	 -0.075294695794582	 -0.38188666105270	49.550467268629	0.0000000000000
39.776000976562	 -0.079783871769905	 -0.38345032930374	49.550467268629	0.0000000000000
39.791999816895	 -0.084307461977005	 -0.38495981693268	49.550467268629	0.0000000000000
39.807998657227	 -0.088865116238594	 -0.38641482591629	49.550467268629	0.0000000000000
39.824001312256	 -0.093456119298935	 -0.38781508803368	49.550467268629	0.0000000000000
39.840000152588	 -0.098080500960350	 -0.38916015625000	49.550467268629	0.0000000000000
39.855998992920	 -0.10273864865303	 -0.39044943451881	49.550467268629	0.0000000000000
39.872001647949	 -0.10742989182472	 -0.39168253540993	49.550467268629	0.0000000000000
39.888000488281	 -0.11215386539698	 -0.39285901188850	49.550467268629	0.0000000000000
39.903999328613	 -0.11691024154425	 -0.39397841691971	49.550467268629	0.0000000000000
39.919998168945	 -0.12169944494963	 -0.39503988623619	49.550467268629	0.0000000000000
39.936000823975	 -0.12652036547661	 -0.39604315161705	49.550467268629	0.0000000000000
39.951999664307	 -0.13137342035770	 -0.39698737859726	49.550467268629	0.0000000000000
39.967998504639	 -0.13625824451447	 -0.39787188172340	49.550467268629	0.0000000000000
39.984001159668	 -0.14117373526096	 -0.39869633316994	49.550467268629	0.0000000000000
40.000000000000	 -0.14612062275410	 -0.39945960044861	49.550467268629	0.0000000000000
40.015998840332	 -0.15109778940678	 -0.40016126632690	49.550467268629	0.0000000000000
40.032001495361	 -0.15610484778881	 -0.40080058574677	49.550467268629	0.0000000000000
40.048000335693	 -0.16114214062691	 -0.40137654542923	49.550467268629	0.0000000000000
40.063999176025	 -0.16620846092701	 -0.40188857913017	49.550467268629	0.0000000000000
40.080001831055	 -0.17130336165428	 -0.40233594179153	49.550467268629	0.0000000000000
40.096000671387	 -0.17642638087273	 -0.40271773934364	49.550467268629	0.0000000000000
40.111999511719	 -0.18157745897770	 -0.40303301811218	49.550467268629	0.0000000000000
40.127998352051	 -0.18675565719604	 -0.40328103303909	49.550467268629	0.0000000000000
40.144001007080	 -0.19196051359177	 -0.40346094965935	49.550467268629	0.0000000000000
40.159999847412	 -0.19719065725803	 -0.40357214212418	49.550467268629	0.0000000000000
40.175998687744	 -0.20244632661343	 -0.40361332893372	49.550467268629	0.0000000000000
40.192001342773	 -0.20772616565228	 -0.40358403325081	49.550467268629	0.0000000000000
40.208000183105	 -0.21302956342697	 -0.40348330140114	49.550467268629	0.0000000000000
40.223999023438	 -0.21835623681545	 -0.40330988168716	49.550467268629	0.0000000000000
40.240001678467	 -0.22370480000973	 -0.40306329727173	49.550467268629	0.0000000000000
40.256000518799	 -0.22907416522503	 -0.40274277329445	49.550467268629	0.0000000000000
40.271999359131	 -0.23446363210678	 -0.40234735608101	49.550467268629	0.0000000000000
40.287998199463	 -0.23987282812595	 -0.40187579393387	49.550467268629	0.0000000000000
40.304000854492	 -0.24529987573624	 -0.40132784843445	49.550467268629	0.0000000000000
40.319999694824	 -0.25074392557144	 -0.40070247650146	49.550467268629	0.0000000000000
40.335998535156	 -0.25620386004448	 -0.39999905228615	49.550467268629	0.0000000000000
40.352001190186	 -0.26167923212051	 -0.39921623468399	49.550467268629	0.0000000000000
40.368000030518	 -0.26716831326485	 -0.39835360646248	49.550467268629	0.0000000000000
40.383998870850	 -0.27266952395439	 -0.39741075038910	49.550467268629	0.0000000000000
40.400001525879	 -0.27818235754967	 -0.39638644456863	49.550467268629	0.0000000000000
40.416000366211	 -0.28370505571365	 -0.39528018236160	49.550467268629	0.0000000000000
40.431999206543	 -0.28923672437668	 -0.39409118890762	49.550467268629	0.0000000000000
40.448001861572	 -0.29477557539940	 -0.39281901717186	49.550467268629	0.0000000000000
40.464000701904	 -0.30032098293304	 -0.39146247506142	49.550467268629	0.0000000000000
40.479999542236	 -0.30587044358253	 -0.39002186059952	49.550467268629	0.0000000000000
40.495998382568	 -0.31142288446426	 -0.38849630951881	49.550467268629	0.0000000000000
40.512001037598	 -0.31697729229927	 -0.38688498735428	49.550467268629	0.0000000000000
40.527999877930	 -0.32253211736679	 -0.38518738746643	49.550467268629	0.0000000000000
40.543998718262	 -0.32808557152748	 -0.38340330123901	49.550467268629	0.0000000000000
40.560001373291	 -0.33363577723503	 -0.38153257966042	49.550467268629	0.0000000000000
40.576000213623	 -0.33918198943138	 -0.37957420945168	49.550467268629	0.0000000000000
40.591999053955	 -0.34472191333771	 -0.37752836942673	49.550467268629	0.0000000000000
40.608001708984	 -0.35025399923325	 -0.37539476156235	49.550467268629	0.0000000000000
40.624000549316	 -0.35577675700188	 -0.37317302823067	49.550467268629	0.0000000000000
40.639999389648	 -0.36128863692284	 -0.37086284160614	49.550467268629	0.0000000000000
40.655998229980	 -0.36678802967072	 -0.36846411228180	49.550467268629	0.0000000000000
40.672000885010	 -0.37227338552475	 -0.36597642302513	49.550467268629	0.0000000000000
40.687999725342	 -0.37774208188057	 -0.36340075731277	49.550467268629	0.0000000000000
40.703998565674	 -0.38319355249405	 -0.36073589324951	49.550467268629	0.0000000000000
40.720001220703	 -0.38862514495850	 -0.35798275470734	49.550467268629	0.0000000000000
40.736000061035	 -0.39403575658798	 -0.35514104366302	49.550467268629	0.0000000000000
40.751998901367	 -0.39942368865013	 -0.35221067070961	49.550467268629	0.0000000000000
40.768001556396	 -0.40478673577309	 -0.34919238090515	49.550467268629	0.0000000000000
40.784000396729	 -0.41012364625931	 -0.34608590602875	49.550467268629	0.0000000000000
40.799999237061	 -0.41543275117874	 -0.34289130568504	49.550467268629	0.0000000000000
40.816001892090	 -0.42071193456650	 -0.33960956335068	49.550467268629	0.0000000000000
40.832000732422	 -0.42595958709717	 -0.33624082803726	49.550467268629	0.0000000000000
40.847999572754	 -0.43117412924767	 -0.33278533816338	49.550467268629	0.0000000000000
40.863998413086	 -0.43635380268097	 -0.32924380898476	49.550467268629	0.0000000000000
40.880001068115	 -0.44149699807167	 -0.32561650872231	49.550467268629	0.0000000000000
40.895999908447	 -0.44660183787346	 -0.32190424203873	49.550467268629	0.0000000000000
40.911998748779	 -0.45166695117950	 -0.31810736656189	49.550467268629	0.0000000000000
40.928001403809	 -0.45669043064117	 -0.31422674655914	49.550467268629	0.0000000000000
40.944000244141	 -0.46167117357254	 -0.31026250123978	49.550467268629	0.0000000000000
40.959999084473	 -0.46660685539246	 -0.30621635913849	49.550467268629	0.0000000000000
40.976001739502	 -0.47149631381035	 -0.30208846926689	49.550467268629	0.0000000000000
40.992000579834	 -0.47633782029152	 -0.29787993431091	49.550467268629	0.0000000000000
41.007999420166	 -0.48113036155701	 -0.29359084367752	49.550467268629	0.0000000000000
41.023998260498	 -0.48587161302567	 -0.28922325372696	49.550467268629	0.0000000000000
41.040000915527	 -0.49056088924408	 -0.28477695584297	49.550467268629	0.0000000000000
41.055999755859	 -0.49519598484039	 -0.28025409579277	49.550467268629	0.0000000000000
41.071998596191	 -0.49977597594261	 -0.27565494179726	49.550467268629	0.0000000000000
41.088001251221	 -0.50429964065552	 -0.27098035812378	49.550467268629	0.0000000000000
41.104000091553	 -0.50876504182816	 -0.26623210310936	49.550467268629	0.0000000000000
41.119998931885	 -0.51317149400711	 -0.26141056418419	49.550467268629	0.0000000000000
41.136001586914	 -0.51751714944839	 -0.25651758909225	49.550467268629	0.0000000000000
41.152000427246	 -0.52180117368698	 -0.25155362486839	49.550467268629	0.0000000000000
41.167999267578	 -0.52602225542068	 -0.24652014672756	49.550467268629	0.0000000000000
41.183998107910	 -0.53017902374268	 -0.24141864478588	49.550467268629	0.0000000000000
41.200000762939	 -0.53427028656006	 -0.23625059425831	49.550467268629	0.0000000000000
41.215999603271	 -0.53829544782639	 -0.23101602494717	49.550467268629	0.0000000000000
41.231998443604	 -0.54225277900696	 -0.22571805119514	49.550467268629	0.0000000000000
41.248001098633	 -0.54614180326462	 -0.22035619616508	49.550467268629	0.0000000000000
41.263999938965	 -0.54996156692505	 -0.21493205428123	49.550467268629	0.0000000000000
41.279998779297	 -0.55371069908142	 -0.20944780111313	49.550467268629	0.0000000000000
41.296001434326	 -0.55738824605942	 -0.20390510559082	49.550467268629	0.0000000000000
41.312000274658	 -0.56099396944046	 -0.19830349087715	49.550467268629	0.0000000000000
41.327999114990	 -0.56452637910843	 -0.19264629483223	49.550467268629	0.0000000000000
41.344001770020	 -0.56798529624939	 -0.18693308532238	49.550467268629	0.0000000000000
41.360000610352	 -0.57136923074722	 -0.18116717040539	49.550467268629	0.0000000000000
41.375999450684	 -0.57467806339264	 -0.17534871399403	49.550467268629	0.0000000000000
41.391998291016	 -0.57791095972061	 -0.16947887837887	49.550467268629	0.0000000000000
41.408000946045	 -0.58106720447540	 -0.16356003284454	49.550467268629	0.0000000000000
41.423999786377	 -0.58414620161057	 -0.15759339928627	49.550467268629	0.0000000000000
41.439998626709	 -0.58714771270752	 -0.15157911181450	49.550467268629	0.0000000000000
41.456001281738	 -0.59007078409195	 -0.14552001655102	49.550467268629	0.0000000000000
41.472000122070	 -0.59291517734528	 -0.13941687345505	49.550467268629	0.0000000000000
41.487998962402	 -0.59568035602570	 -0.13327147066593	49.550467268629	0.0000000000000
41.504001617432	 -0.59836578369141	 -0.12708562612534	49.550467268629	0.0000000000000
41.520000457764	 -0.60097157955170	 -0.12085830420256	49.550467268629	0.0000000000000
41.535999298096	 -0.60349690914154	 -0.11459363251925	49.550467268629	0.0000000000000
41.551998138428	 -0.60594147443771	 -0.10829226672649	49.550467268629	0.0000000000000
41.568000793457	 -0.60830539464951	 -0.10195375233889	49.550467268629	0.0000000000000
41.583999633789	 -0.61058783531189	 -0.095582783222198	49.550467268629	0.0000000000000
41.599998474121	 -0.61278915405273	 -0.089177727699280	49.550467268629	0.0000000000000
41.616001129150	 -0.61490887403488	 -0.082740962505341	49.550467268629	0.0000000000000
41.631999969482	 -0.61694681644440	 -0.076273731887341	49.550467268629	0.0000000000000
41.647998809814	 -0.61890286207199	 -0.069777846336365	49.550467268629	0.0000000000000
41.664001464844	 -0.62077701091766	 -0.063253961503506	49.550467268629	0.0000000000000
41.680000305176	 -0.62256908416748	 -0.056703265756369	49.550467268629	0.0000000000000
41.695999145508	 -0.62427896261215	 -0.050127569586039	49.550467268629	0.0000000000000
41.712001800537	 -0.62590670585632	 -0.043528072535992	49.550467268629	0.0000000000000
41.728000640869	 -0.62745237350464	 -0.036904778331518	49.550467268629	0.0000000000000
41.743999481201	 -0.62891584634781	 -0.030260056257248	49.550467268629	0.0000000000000
41.759998321533	 -0.63029706478119	 -0.023595081642270	49.550467268629	0.0000000000000
41.776000976562	 -0.63159626722336	 -0.016910422593355	49.550467268629	0.0000000000000
41.791999816895	 -0.63281333446503	 -0.010208433493972	49.550467268629	0.0000000000000
41.807998657227	 -0.63394844532013	 -0.0034878440201283	49.550467268629	0.0000000000000
41.824001312256	 -0.63500171899796	0.0032477946951985	49.550467268629	0.0000000000000
41.840000152588	 -0.63597309589386	0.0099985701963305	49.550467268629	0.0000000000000
41.855998992920	 -0.63686287403107	0.016762761399150	49.550467268629	0.0000000000000
41.872001647949	 -0.63767099380493	0.023540483787656	49.550467268629	0.0000000000000
41.888000488281	 -0.63839763402939	0.030329424887896	49.550467268629	0.0000000000000
41.903999328613	 -0.63904309272766	0.037129729986191	49.550467268629	0.0000000000000
41.919998168945	 -0.63960731029510	0.043939713388681	49.550467268629	0.0000000000000
41.936000823975	 -0.64009058475494	0.050757706165314	49.550467268629	0.0000000000000
41.951999664307	 -0.64049303531647	0.057584490627050	49.550467268629	0.0000000000000
41.967998504639	 -0.64081472158432	0.064417801797390	49.550467268629	0.0000000000000
41.984001159668	 -0.64105606079102	0.071257233619690	49.550467268629	0.0000000000000
42.000000000000	 -0.64121699333191	0.078101143240929	49.550467268629	0.0000000000000
42.015998840332	 -0.64129787683487	0.084949754178524	49.550467268629	0.0000000000000
42.032001495361	 -0.64129877090454	0.091801449656487	49.550467268629	0.0000000000000
42.048000335693	 -0.64121991395950	0.098655223846436	49.550467268629	0.0000000000000
42.063999176025	 -0.64106136560440	0.10551133751869	49.550467268629	0.0000000000000
42.080001831055	 -0.64082348346710	0.11236757785082	49.550467268629	0.0000000000000
42.096000671387	 -0.64050632715225	0.11922422051430	49.550467268629	0.0000000000000
42.111999511719	 -0.64011031389236	0.12607906758785	49.550467268629	0.0000000000000
42.127998352051	 -0.63963538408279	0.13293239474297	49.550467268629	0.0000000000000
42.144001007080	 -0.63908177614212	0.13978324830532	49.550467268629	0.0000000000000
42.159999847412	 -0.63844960927963	0.14663068950176	49.550467268629	0.0000000000000
42.175998687744	 -0.63773924112320	0.15347379446030	49.550467268629	0.0000000000000
42.192001342773	 -0.63695073127747	0.16031225025654	49.550467268629	0.0000000000000
42.208000183105	 -0.63608413934708	0.16714511811733	49.550467268629	0.0000000000000
42.223999023438	 -0.63513994216919	0.17397087812424	49.550467268629	0.0000000000000
42.240001678467	 -0.63411802053452	0.18078984320164	49.550467268629	0.0000000000000
42.256000518799	 -0.63301855325699	0.18760110437870	49.550467268629	0.0000000000000
42.271999359131	 -0.63184183835983	0.19440311193466	49.550467268629	0.0000000000000
42.287998199463	 -0.63058805465698	0.20119561254978	49.550467268629	0.0000000000000
42.304000854492	 -0.62925732135773	0.20797769725323	49.550467268629	0.0000000000000
42.319999694824	 -0.62784987688065	0.21474847197533	49.550467268629	0.0000000000000
42.335998535156	 -0.62636554241180	0.22150821983814	49.550467268629	0.0000000000000
42.352001190186	 -0.62480479478836	0.22825486958027	49.550467268629	0.0000000000000
42.368000030518	 -0.62316763401031	0.23498871922493	49.550467268629	0.0000000000000
42.383998870850	 -0.62145429849625	0.24170827865601	49.550467268629	0.0000000000000
42.400001525879	 -0.61966484785080	0.24841324985027	49.550467268629	0.0000000000000
42.416000366211	 -0.61779934167862	0.25510272383690	49.550467268629	0.0000000000000
42.431999206543	 -0.61585813760757	0.26177588105202	49.550467268629	0.0000000000000
42.448001861572	 -0.61384171247482	0.26843112707138	49.550467268629	0.0000000000000
42.464000701904	 -0.61174911260605	0.27507004141808	49.550467268629	0.0000000000000
42.479999542236	 -0.60958188772202	0.28168871998787	49.550467268629	0.0000000000000
42.495998382568	 -0.60733902454376	0.28828921914101	49.550467268629	0.0000000000000
42.512001037598	 -0.60502082109451	0.29487007856369	49.550467268629	0.0000000000000
42.527999877930	 -0.60262811183929	0.30142921209335	49.550467268629	0.0000000000000
42.543998718262	 -0.60016089677811	0.30796632170677	49.550467268629	0.0000000000000
42.560001373291	 -0.59761869907379	0.31448164582253	49.550467268629	0.0000000000000
42.576000213623	 -0.59500241279602	0.32097318768501	49.550467268629	0.0000000000000
42.591999053955	 -0.59231132268906	0.32744166254997	49.550467268629	0.0000000000000
42.608001708984	 -0.58954685926437	0.33388400077820	49.550467268629	0.0000000000000
42.624000549316	 -0.58670806884766	0.34030151367188	49.550467268629	0.0000000000000
42.639999389648	 -0.58379608392715	0.34669160842896	49.550467268629	0.0000000000000
42.655998229980	 -0.58081018924713	0.35305503010750	49.550467268629	0.0000000000000
42.672000885010	 -0.57775127887726	0.35938987135887	49.550467268629	0.0000000000000
42.687999725342	 -0.57461899518967	0.36569619178772	49.550467268629	0.0000000000000
42.703998565674	 -0.57141423225403	0.37197202444077	49.550467268629	0.0000000000000
42.720001220703	 -0.56813699007034	0.37821713089943	49.550467268629	0.0000000000000
42.736000061035	 -0.56478703022003	0.38443100452423	49.550467268629	0.0000000000000
42.751998901367	 -0.56136482954025	0.39061275124550	49.550467268629	0.0000000000000
42.768001556396	 -0.55787134170532	0.39676043391228	49.550467268629	0.0000000000000
42.784000396729	 -0.55430608987808	0.40287423133850	49.550467268629	0.0000000000000
42.799999237061	 -0.55066943168640	0.40895316004753	49.550467268629	0.0000000000000
42.816001892090	 -0.54696214199066	0.41499587893486	49.550467268629	0.0000000000000
42.832000732422	 -0.54318404197693	0.42100191116333	49.550467268629	0.0000000000000
42.847999572754	 -0.53933602571487	0.42696991562843	49.550467268629	0.0000000000000
42.863998413086	 -0.53541755676270	0.43290001153946	49.550467268629	0.0000000000000
42.880001068115	 -0.53143024444580	0.43878975510597	49.550467268629	0.0000000000000
42.895999908447	 -0.52737331390381	0.44463974237442	49.550467268629	0.0000000000000
42.911998748779	 -0.52324789762497	0.45044815540314	49.550467268629	0.0000000000000
42.928001403809	 -0.51905357837677	0.45621505379677	49.550467268629	0.0000000000000
42.944000244141	 -0.51479220390320	0.46193805336952	49.550467268629	0.0000000000000
42.959999084473	 -0.51046270132065	0.46761777997017	49.550467268629	0.0000000000000
42.976001739502	 -0.50606608390808	0.47325286269188	49.550467268629	0.0000000000000
42.992000579834	 -0.50160378217697	0.47884154319763	49.550467268629	0.0000000000000
43.007999420166	 -0.49707531929016	0.48438382148743	49.550467268629	0.0000000000000
43.023998260498	 -0.49248066544533	0.48987936973572	49.550467268629	0.0000000000000
43.040000915527	 -0.48782178759575	0.49532586336136	49.550467268629	0.0000000000000
43.055999755859	 -0.48309829831123	0.50072354078293	49.550467268629	0.0000000000000
43.071998596191	 -0.47831112146378	0.50607103109360	49.550467268629	0.0000000000000
43.088001251221	 -0.47345998883247	0.51136845350266	49.550467268629	0.0000000000000
43.104000091553	 -0.46854776144028	0.51661264896393	49.550467268629	0.0000000000000
43.119998931885	 -0.46357265114784	0.52180522680283	49.550467268629	0.0000000000000
43.136001586914	 -0.45853626728058	0.52694445848465	49.550467268629	0.0000000000000
43.152000427246	 -0.45343920588493	0.53202939033508	49.550467268629	0.0000000000000
43.167999267578	 -0.44828259944916	0.53705912828445	49.550467268629	0.0000000000000
43.183998107910	 -0.44306600093842	0.54203349351883	49.550467268629	0.0000000000000
43.200000762939	 -0.43779116868973	0.54695111513138	49.550467268629	0.0000000000000
43.215999603271	 -0.43245825171471	0.55181151628494	49.550467268629	0.0000000000000
43.231998443604	 -0.42706841230392	0.55661374330521	49.550467268629	0.0000000000000
43.248001098633	 -0.42162239551544	0.56135702133179	49.550467268629	0.0000000000000
43.263999938965	 -0.41612038016319	0.56604099273682	49.550467268629	0.0000000000000
43.279998779297	 -0.41056409478188	0.57066422700882	49.550467268629	0.0000000000000
43.296001434326	 -0.40495324134827	0.57522696256638	49.550467268629	0.0000000000000
43.312000274658	 -0.39928969740868	0.57972770929337	49.550467268629	0.0000000000000
43.327999114990	 -0.39357301592827	0.58416658639908	49.550467268629	0.0000000000000
43.344001770020	 -0.38780516386032	0.58854222297668	49.550467268629	0.0000000000000
43.360000610352	 -0.38198634982109	0.59285449981689	49.550467268629	0.0000000000000
43.375999450684	 -0.37611842155457	0.59710204601288	49.550467268629	0.0000000000000
43.391998291016	 -0.37020051479340	0.60128527879715	49.550467268629	0.0000000000000
43.408000946045	 -0.36423513293266	0.60540270805359	49.550467268629	0.0000000000000
43.423999786377	 -0.35822260379791	0.60945421457291	49.550467268629	0.0000000000000
43.439998626709	 -0.35216313600540	0.61343955993652	49.550467268629	0.0000000000000
43.456001281738	 -0.34605860710144	0.61735743284225	49.550467268629	0.0000000000000
43.472000122070	 -0.33990886807442	0.62120831012726	49.550467268629	0.0000000000000
43.487998962402	 -0.33371639251709	0.62499052286148	49.550467268629	0.0000000000000
43.504001617432	 -0.32748094201088	0.62870436906815	49.550467268629	0.0000000000000
43.520000457764	 -0.32120332121849	0.63234949111938	49.550467268629	0.0000000000000
43.535999298096	 -0.31488499045372	0.63592505455017	49.550467268629	0.0000000000000
43.551998138428	 -0.30852627754211	0.63943094015121	49.550467268629	0.0000000000000
43.568000793457	 -0.30212861299515	0.64286661148071	49.550467268629	0.0000000000000
43.583999633789	 -0.29569351673126	0.64623135328293	49.550467268629	0.0000000000000
43.599998474121	 -0.28922122716904	0.64952510595322	49.550467268629	0.0000000000000
43.616001129150	 -0.28271138668060	0.65274810791016	49.550467268629	0.0000000000000
43.631999969482	 -0.27616742253304	0.65589898824692	49.550467268629	0.0000000000000
43.647998809814	 -0.26958829164505	0.65897816419601	49.550467268629	0.0000000000000
43.664001464844	 -0.26297619938850	0.66198492050171	49.550467268629	0.0000000000000
43.680000305176	 -0.25633135437965	0.66491931676865	49.550467268629	0.0000000000000
43.695999145508	 -0.24965469539165	0.66778093576431	49.550467268629	0.0000000000000
43.712001800537	 -0.24294705688953	0.67056965827942	49.550467268629	0.0000000000000
43.728000640869	 -0.23621004819870	0.67328500747681	49.550467268629	0.0000000000000
43.743999481201	 -0.22944386303425	0.67592698335648	49.550467268629	0.0000000000000
43.759998321533	 -0.22264939546585	0.67849540710449	49.550467268629	0.0000000000000
43.776000976562	 -0.21582758426666	0.68099015951157	49.550467268629	0.0000000000000
43.791999816895	 -0.20898056030273	0.68341046571732	49.550467268629	0.0000000000000
43.807998657227	 -0.20210731029510	0.68575704097748	49.550467268629	0.0000000000000
43.824001312256	 -0.19521063566208	0.68802893161774	49.550467268629	0.0000000000000
43.840000152588	 -0.18828882277012	0.69022691249847	49.550467268629	0.0000000000000
43.855998992920	 -0.18134473264217	0.69235026836395	49.550467268629	0.0000000000000
43.872001647949	 -0.17437988519669	0.69439870119095	49.550467268629	0.0000000000000
43.888000488281	 -0.16739319264889	0.69637262821198	49.550467268629	0.0000000000000
43.903999328613	 -0.16038548946381	0.69827187061310	49.550467268629	0.0000000000000
43.919998168945	 -0.15335968136787	0.70009607076645	49.550467268629	0.0000000000000
43.936000823975	 -0.14631462097168	0.70184540748596	49.550467268629	0.0000000000000
43.951999664307	 -0.13925249874592	0.70351964235306	49.550467268629	0.0000000000000
43.967998504639	 -0.13217285275459	0.70511907339096	49.550467268629	0.0000000000000
43.984001159668	 -0.12507785856724	0.70664310455322	49.550467268629	0.0000000000000
44.000000000000	 -0.11796703934669	0.70809221267700	49.550467268629	0.0000000000000
44.015998840332	 -0.11084123700857	0.70946627855301	49.550467268629	0.0000000000000
44.032001495361	 -0.10370264202356	0.71076494455338	49.550467268629	0.0000000000000
44.048000335693	 -0.096550062298775	0.71198856830597	49.550467268629	0.0000000000000
44.063999176025	 -0.089385710656643	0.71313691139221	49.550467268629	0.0000000000000
44.080001831055	 -0.082210391759872	0.71421003341675	49.550467268629	0.0000000000000
44.096000671387	 -0.075024284422398	0.71520799398422	49.550467268629	0.0000000000000
44.111999511719	 -0.067827507853508	0.71613067388535	49.550467268629	0.0000000000000
44.127998352051	 -0.060622263699770	0.71697807312012	49.550467268629	0.0000000000000
44.144001007080	 -0.053408689796925	0.71775031089783	49.550467268629	0.0000000000000
44.159999847412	 -0.046187601983547	0.71844726800919	49.550467268629	0.0000000000000
44.175998687744	 -0.038958437740803	0.71906906366348	49.550467268629	0.0000000000000
44.192001342773	 -0.031724076718092	0.71961557865143	49.550467268629	0.0000000000000
44.208000183105	 -0.024483263492584	0.72008693218231	49.550467268629	0.0000000000000
44.223999023438	 -0.017238181084394	0.72048306465149	49.550467268629	0.0000000000000
44.240001678467	 -0.0099889468401670	0.72080391645432	49.550467268629	0.0000000000000
44.256000518799	 -0.0027363679837435	0.72104966640472	49.550467268629	0.0000000000000
44.271999359131	0.0045187561772764	0.72122019529343	49.550467268629	0.0000000000000
44.287998199463	0.011777685955167	0.72131544351578	49.550467268629	0.0000000000000
44.304000854492	0.019036183133721	0.72133564949036	49.550467268629	0.0000000000000
44.319999694824	0.026295507326722	0.72128057479858	49.550467268629	0.0000000000000
44.335998535156	0.033554863184690	0.72115033864975	49.550467268629	0.0000000000000
44.352001190186	0.040813449770212	0.72094500064850	49.550467268629	0.0000000000000
44.368000030518	0.048070468008518	0.72066438198090	49.550467268629	0.0000000000000
44.383998870850	0.055326491594315	0.72030854225159	49.550467268629	0.0000000000000
44.400001525879	0.062578663229942	0.71987766027451	49.550467268629	0.0000000000000
44.416000366211	0.069827541708946	0.71937149763107	49.550467268629	0.0000000000000
44.431999206543	0.077071651816368	0.71879029273987	49.550467268629	0.0000000000000
44.448001861572	0.084310866892338	0.71813386678696	49.550467268629	0.0000000000000
44.464000701904	0.091544389724731	0.71740233898163	49.550467268629	0.0000000000000
44.479999542236	0.098771408200264	0.71659553050995	49.550467268629	0.0000000000000
44.495998382568	0.10599315166473	0.71571338176727	49.550467268629	0.0000000000000
44.512001037598	0.11320472508669	0.71475636959076	49.550467268629	0.0000000000000
44.527999877930	0.12040872126818	0.71372401714325	49.550467268629	0.0000000000000
44.543998718262	0.12760363519192	0.71261650323868	49.550467268629	0.0000000000000
44.560001373291	0.13478729128838	0.71143400669098	49.550467268629	0.0000000000000
44.576000213623	0.14196021854877	0.71017634868622	49.550467268629	0.0000000000000
44.591999053955	0.14912295341492	0.70884329080582	49.550467268629	0.0000000000000
44.608001708984	0.15627196431160	0.70743542909622	49.550467268629	0.0000000000000
44.624000549316	0.16340844333172	0.70595240592957	49.550467268629	0.0000000000000
44.639999389648	0.17053154110909	0.70439410209656	49.550467268629	0.0000000000000
44.655998229980	0.17763906717300	0.70276105403900	49.550467268629	0.0000000000000
44.672000885010	0.18473087251186	0.70105302333832	49.550467268629	0.0000000000000
44.687999725342	0.19180679321289	0.69927000999451	49.550467268629	0.0000000000000
44.703998565674	0.19886593520641	0.69741195440292	49.550467268629	0.0000000000000
44.720001220703	0.20590548217297	0.69547963142395	49.550467268629	0.0000000000000
44.736000061035	0.21292787790298	0.69347202777863	49.550467268629	0.0000000000000
44.751998901367	0.21993029117584	0.69138991832733	49.550467268629	0.0000000000000
44.768001556396	0.22691187262535	0.68923330307007	49.550467268629	0.0000000000000
44.784000396729	0.23387302458286	0.68700194358826	49.550467268629	0.0000000000000
44.799999237061	0.24081096053123	0.68469649553299	49.550467268629	0.0000000000000
44.816001892090	0.24772608280182	0.68231672048569	49.550467268629	0.0000000000000
44.832000732422	0.25461691617966	0.67986303567886	49.550467268629	0.0000000000000
44.847999572754	0.26148384809494	0.67733502388000	49.550467268629	0.0000000000000
44.863998413086	0.26832404732704	0.67473351955414	49.550467268629	0.0000000000000
44.880001068115	0.27513861656189	0.67205810546875	49.550467268629	0.0000000000000
44.895999908447	0.28192472457886	0.66930949687958	49.550467268629	0.0000000000000
44.911998748779	0.28868278861046	0.66648769378662	49.550467268629	0.0000000000000
44.928001403809	0.29541128873825	0.66359287500381	49.550467268629	0.0000000000000
44.944000244141	0.30210933089256	0.66062533855438	49.550467268629	0.0000000000000
44.959999084473	0.30877670645714	0.65758508443832	49.550467268629	0.0000000000000
44.976001739502	0.31541061401367	0.65447324514389	49.550467268629	0.0000000000000
44.992000579834	0.32201275229454	0.65128886699677	49.550467268629	0.0000000000000
45.007999420166	0.32858031988144	0.64803314208984	49.550467268629	0.0000000000000
45.023998260498	0.33511301875114	0.64470607042313	49.550467268629	0.0000000000000
45.040000915527	0.34160950779915	0.64130830764771	49.550467268629	0.0000000000000
45.055999755859	0.34806883335114	0.63784009218216	49.550467268629	0.0000000000000
45.071998596191	0.35449138283730	0.63430118560791	49.550467268629	0.0000000000000
45.088001251221	0.36087384819984	0.63069325685501	49.550467268629	0.0000000000000
45.104000091553	0.36721727252007	0.62701576948166	49.550467268629	0.0000000000000
45.119998931885	0.37352016568184	0.62326931953430	49.550467268629	0.0000000000000
45.136001586914	0.37978106737137	0.61945474147797	49.550467268629	0.0000000000000
45.152000427246	0.38599982857704	0.61557215452194	49.550467268629	0.0000000000000
45.167999267578	0.39217442274094	0.61162269115448	49.550467268629	0.0000000000000
45.183998107910	0.39830574393272	0.60760575532913	49.550467268629	0.0000000000000
45.200000762939	0.40439137816429	0.60352289676666	49.550467268629	0.0000000000000
45.215999603271	0.41043040156364	0.59937465190887	49.550467268629	0.0000000000000
45.231998443604	0.41642272472382	0.59516125917435	49.550467268629	0.0000000000000
45.248001098633	0.42236635088921	0.59088391065598	49.550467268629	0.0000000000000
45.263999938965	0.42826235294342	0.58654206991196	49.550467268629	0.0000000000000
45.279998779297	0.43410813808441	0.58213746547699	49.550467268629	0.0000000000000
45.296001434326	0.43990260362625	0.57767117023468	49.550467268629	0.0000000000000
45.312000274658	0.44564658403397	0.57314252853394	49.550467268629	0.0000000000000
45.327999114990	0.45133778452873	0.56855344772339	49.550467268629	0.0000000000000
45.344001770020	0.45697605609894	0.56390416622162	49.550467268629	0.0000000000000
45.360000610352	0.46256077289581	0.55919528007507	49.550467268629	0.0000000000000
45.375999450684	0.46809020638466	0.55442851781845	49.550467268629	0.0000000000000
45.391998291016	0.47356531023979	0.54960304498672	49.550467268629	0.0000000000000
45.408000946045	0.47898334264755	0.54472148418427	49.550467268629	0.0000000000000
45.423999786377	0.48434478044510	0.53978365659714	49.550467268629	0.0000000000000
45.439998626709	0.48964905738831	0.53479033708572	49.550467268629	0.0000000000000
45.456001281738	0.49489414691925	0.52974367141724	49.550467268629	0.0000000000000
45.472000122070	0.50008147954941	0.52464252710342	49.550467268629	0.0000000000000
45.487998962402	0.50520849227905	0.51948958635330	49.550467268629	0.0000000000000
45.504001617432	0.51027572154999	0.51428472995758	49.550467268629	0.0000000000000
45.520000457764	0.51528179645538	0.50902974605560	49.550467268629	0.0000000000000
45.535999298096	0.52022713422775	0.50372445583344	49.550467268629	0.0000000000000
45.551998138428	0.52511036396027	0.49837070703506	49.550467268629	0.0000000000000
45.568000793457	0.52993112802505	0.49296939373016	49.550467268629	0.0000000000000
45.583999633789	0.53468900918961	0.48752129077911	49.550467268629	0.0000000000000
45.599998474121	0.53938317298889	0.48202773928642	49.550467268629	0.0000000000000
45.616001129150	0.54401379823685	0.47648927569389	49.550467268629	0.0000000000000
45.631999969482	0.54858088493347	0.47090610861778	49.550467268629	0.0000000000000
45.647998809814	0.55308252573013	0.46528127789497	49.550467268629	0.0000000000000
45.664001464844	0.55751878023148	0.45961520075798	49.550467268629	0.0000000000000
45.680000305176	0.56189072132111	0.45390707254410	49.550467268629	0.0000000000000
45.695999145508	0.56619602441788	0.44816061854362	49.550467268629	0.0000000000000
45.712001800537	0.57043617963791	0.44237449765205	49.550467268629	0.0000000000000
45.728000640869	0.57460963726044	0.43655130267143	49.550467268629	0.0000000000000
45.743999481201	0.57871681451797	0.43069130182266	49.550467268629	0.0000000000000
45.759998321533	0.58275735378265	0.42479547858238	49.550467268629	0.0000000000000
45.776000976562	0.58673059940338	0.41886591911316	49.550467268629	0.0000000000000
45.791999816895	0.59063714742661	0.41290241479874	49.550467268629	0.0000000000000
45.807998657227	0.59447681903839	0.40690580010414	49.550467268629	0.0000000000000
45.824001312256	0.59824931621552	0.40087756514549	49.550467268629	0.0000000000000
45.840000152588	0.60195380449295	0.39481985569000	49.550467268629	0.0000000000000
45.855998992920	0.60559135675430	0.38873180747032	49.550467268629	0.0000000000000
45.872001647949	0.60916125774384	0.38261547684669	49.550467268629	0.0000000000000
45.888000488281	0.61266398429871	0.37647116184235	49.550467268629	0.0000000000000
45.903999328613	0.61609911918640	0.37030038237572	49.550467268629	0.0000000000000
45.919998168945	0.61946678161621	0.36410406231880	49.550467268629	0.0000000000000
45.936000823975	0.62276709079742	0.35788303613663	49.550467268629	0.0000000000000
45.951999664307	0.62600040435791	0.35163763165474	49.550467268629	0.0000000000000
45.967998504639	0.62916618585587	0.34536984562874	49.550467268629	0.0000000000000
45.984001159668	0.63226526975632	0.33907938003540	49.550467268629	0.0000000000000
46.000000000000	0.63529717922211	0.33276835083961	49.550467268629	0.0000000000000
46.015998840332	0.63826227188110	0.32643690705299	49.550467268629	0.0000000000000
46.032001495361	0.64116150140762	0.32008475065231	49.550467268629	0.0000000000000
46.048000335693	0.64399337768555	0.31371569633484	49.550467268629	0.0000000000000
46.063999176025	0.64675933122635	0.30732813477516	49.550467268629	0.0000000000000
46.080001831055	0.64945966005325	0.30092287063599	49.550467268629	0.0000000000000
46.096000671387	0.65209394693375	0.29450196027756	49.550467268629	0.0000000000000
46.111999511719	0.65466272830963	0.28806549310684	49.550467268629	0.0000000000000
46.127998352051	0.65716671943665	0.28161308169365	49.550467268629	0.0000000000000
46.144001007080	0.65960514545441	0.27514791488647	49.550467268629	0.0000000000000
46.159999847412	0.66197931766510	0.26866826415062	49.550467268629	0.0000000000000
46.175998687744	0.66428846120834	0.26217737793922	49.550467268629	0.0000000000000
46.192001342773	0.66653406620026	0.25567281246185	49.550467268629	0.0000000000000
46.208000183105	0.66871571540833	0.24915720522404	49.550467268629	0.0000000000000
46.223999023438	0.67083352804184	0.24263119697571	49.550467268629	0.0000000000000
46.240001678467	0.67288845777512	0.23609422147274	49.550467268629	0.0000000000000
46.256000518799	0.67488020658493	0.22954823076725	49.550467268629	0.0000000000000
46.271999359131	0.67680954933167	0.22299262881279	49.550467268629	0.0000000000000
46.287998199463	0.67867648601532	0.21642863750458	49.550467268629	0.0000000000000
46.304000854492	0.68048173189163	0.20985564589500	49.550467268629	0.0000000000000
46.319999694824	0.68222492933273	0.20327615737915	49.550467268629	0.0000000000000
46.335998535156	0.68390727043152	0.19668826460838	49.550467268629	0.0000000000000
46.352001190186	0.68552798032761	0.19009509682655	49.550467268629	0.0000000000000
46.368000030518	0.68708837032318	0.18349465727806	49.550467268629	0.0000000000000
46.383998870850	0.68858832120895	0.17688815295696	49.550467268629	0.0000000000000
46.400001525879	0.69002819061279	0.17027613520622	49.550467268629	0.0000000000000
46.416000366211	0.69140797853470	0.16365981101990	49.550467268629	0.0000000000000
46.431999206543	0.69272845983505	0.15703776478767	49.550467268629	0.0000000000000
46.448001861572	0.69398969411850	0.15041112899780	49.550467268629	0.0000000000000
46.464000701904	0.69519191980362	0.14378045499325	49.550467268629	0.0000000000000
46.479999542236	0.69633519649506	0.13714690506458	49.550467268629	0.0000000000000
46.495998382568	0.69742023944855	0.13050895929337	49.550467268629	0.0000000000000
46.512001037598	0.69844692945480	0.12386779487133	49.550467268629	0.0000000000000
46.527999877930	0.69941556453705	0.11722453683615	49.550467268629	0.0000000000000
46.543998718262	0.70032650232315	0.11057764291763	49.550467268629	0.0000000000000
46.560001373291	0.70117980241776	0.10392891615629	49.550467268629	0.0000000000000
46.576000213623	0.70197576284409	0.097277484834194	49.550467268629	0.0000000000000
46.591999053955	0.70271468162537	0.090623110532761	49.550467268629	0.0000000000000
46.608001708984	0.70339626073837	0.083968222141266	49.550467268629	0.0000000000000
46.624000549316	0.70402103662491	0.077311947941780	49.550467268629	0.0000000000000
46.639999389648	0.70458918809891	0.070653349161148	49.550467268629	0.0000000000000
46.655998229980	0.70510059595108	0.063994191586971	49.550467268629	0.0000000000000
46.672000885010	0.70555561780930	0.057334225624800	49.550467268629	0.0000000000000
46.687999725342	0.70595419406891	0.050672523677349	49.550467268629	0.0000000000000
46.703998565674	0.70629644393921	0.044010836631060	49.550467268629	0.0000000000000
46.720001220703	0.70658248662949	0.037348899990320	49.550467268629	0.0000000000000
46.736000061035	0.70681238174438	0.030686443671584	49.550467268629	0.0000000000000
46.751998901367	0.70698606967926	0.024024551734328	49.550467268629	0.0000000000000
46.768001556396	0.70710366964340	0.017362268641591	49.550467268629	0.0000000000000
46.784000396729	0.70716518163681	0.010700008831918	49.550467268629	0.0000000000000
46.799999237061	0.70717060565948	0.0040388409979641	49.550467268629	0.0000000000000
46.816001892090	0.70712006092072	 -0.0026221794541925	49.550467268629	0.0000000000000
46.832000732422	0.70701324939728	 -0.0092813000082970	49.550467268629	0.0000000000000
46.847999572754	0.70685034990311	 -0.015940139070153	49.550467268629	0.0000000000000
46.863998413086	0.70663130283356	 -0.022597616538405	49.550467268629	0.0000000000000
46.880001068115	0.70635592937469	 -0.029253996908665	49.550467268629	0.0000000000000
46.895999908447	0.70602422952652	 -0.035908192396164	49.550467268629	0.0000000000000
46.911998748779	0.70563620328903	 -0.042560469359159	49.550467268629	0.0000000000000
46.928001403809	0.70519161224365	 -0.049210399389267	49.550467268629	0.0000000000000
46.944000244141	0.70469045639038	 -0.055858239531517	49.550467268629	0.0000000000000
46.959999084473	0.70413261651993	 -0.062503561377525	49.550467268629	0.0000000000000
46.976001739502	0.70351785421371	 -0.069145940244198	49.550467268629	0.0000000000000
46.992000579834	0.70284628868103	 -0.075784936547279	49.550467268629	0.0000000000000
47.007999420166	0.70211756229401	 -0.082420781254768	49.550467268629	0.0000000000000
47.023998260498	0.70133161544800	 -0.089053027331829	49.550467268629	0.0000000000000
47.040000915527	0.70048838853836	 -0.095680557191372	49.550467268629	0.0000000000000
47.055999755859	0.69958764314651	 -0.10230357199907	49.550467268629	0.0000000000000
47.071998596191	0.69862920045853	 -0.10892228037119	49.550467268629	0.0000000000000
47.088001251221	0.69761276245117	 -0.11553689092398	49.550467268629	0.0000000000000
47.104000091553	0.69653874635696	 -0.12214425951242	49.550467268629	0.0000000000000
47.119998931885	0.69540613889694	 -0.12874788045883	49.550467268629	0.0000000000000
47.136001586914	0.69421553611755	 -0.13534396886826	49.550467268629	0.0000000000000
47.152000427246	0.69296622276306	 -0.14193466305733	49.550467268629	0.0000000000000
47.167999267578	0.69165849685669	 -0.14851748943329	49.550467268629	0.0000000000000
47.183998107910	0.69029182195663	 -0.15509390830994	49.550467268629	0.0000000000000
47.200000762939	0.68886625766754	 -0.16166208684444	49.550467268629	0.0000000000000
47.215999603271	0.68738150596619	 -0.16822215914726	49.550467268629	0.0000000000000
47.231998443604	0.68583774566650	 -0.17477296292782	49.550467268629	0.0000000000000
47.248001098633	0.68423414230347	 -0.18131592869759	49.550467268629	0.0000000000000
47.263999938965	0.68257105350494	 -0.18784916400909	49.550467268629	0.0000000000000
47.279998779297	0.68084847927094	 -0.19437152147293	49.550467268629	0.0000000000000
47.296001434326	0.67906588315964	 -0.20088374614716	49.550467268629	0.0000000000000
47.312000274658	0.67722320556641	 -0.20738525688648	49.550467268629	0.0000000000000
47.327999114990	0.67532032728195	 -0.21387548744678	49.550467268629	0.0000000000000
47.344001770020	0.67335760593414	 -0.22035261988640	49.550467268629	0.0000000000000
47.360000610352	0.67133414745331	 -0.22681793570518	49.550467268629	0.0000000000000
47.375999450684	0.66925048828125	 -0.23326966166496	49.550467268629	0.0000000000000
47.391998291016	0.66710621118546	 -0.23970779776573	49.550467268629	0.0000000000000
47.408000946045	0.66490101814270	 -0.24613237380981	49.550467268629	0.0000000000000
47.423999786377	0.66263544559479	 -0.25254097580910	49.550467268629	0.0000000000000
47.439998626709	0.66030901670456	 -0.25893482565880	49.550467268629	0.0000000000000
47.456001281738	0.65792191028595	 -0.26531210541725	49.550467268629	0.0000000000000
47.472000122070	0.65547388792038	 -0.27167281508446	49.550467268629	0.0000000000000
47.487998962402	0.65296471118927	 -0.27801701426506	49.550467268629	0.0000000000000
47.504001617432	0.65039449930191	 -0.28434342145920	49.550467268629	0.0000000000000
47.520000457764	0.64776366949081	 -0.29065084457397	49.550467268629	0.0000000000000
47.535999298096	0.64507186412811	 -0.29693928360939	49.550467268629	0.0000000000000
47.551998138428	0.64231944084167	 -0.30320751667023	49.550467268629	0.0000000000000
47.568000793457	0.63950604200363	 -0.30945548415184	49.550467268629	0.0000000000000
47.583999633789	0.63663113117218	 -0.31568387150764	49.550467268629	0.0000000000000
47.599998474121	0.63369631767273	 -0.32188898324966	49.550467268629	0.0000000000000
47.616001129150	0.63070005178452	 -0.32807323336601	49.550467268629	0.0000000000000
47.631999969482	0.62764328718185	 -0.33423417806625	49.550467268629	0.0000000000000
47.647998809814	0.62452596426010	 -0.34037184715271	49.550467268629	0.0000000000000
47.664001464844	0.62134796380997	 -0.34648564457893	49.550467268629	0.0000000000000
47.680000305176	0.61810982227325	 -0.35257425904274	49.550467268629	0.0000000000000
47.695999145508	0.61481130123138	 -0.35863772034645	49.550467268629	0.0000000000000
47.712001800537	0.61145251989365	 -0.36467540264130	49.550467268629	0.0000000000000
47.728000640869	0.60803395509720	 -0.37068620324135	49.550467268629	0.0000000000000
47.743999481201	0.60455530881882	 -0.37666994333267	49.550467268629	0.0000000000000
47.759998321533	0.60101687908173	 -0.38262614607811	49.550467268629	0.0000000000000
47.776000976562	0.59741866588593	 -0.38855409622192	49.550467268629	0.0000000000000
47.791999816895	0.59376138448715	 -0.39445272088051	49.550467268629	0.0000000000000
47.807998657227	0.59004497528076	 -0.40032133460045	49.550467268629	0.0000000000000
47.824001312256	0.58626943826675	 -0.40615993738174	49.550467268629	0.0000000000000
47.840000152588	0.58243459463120	 -0.41196849942207	49.550467268629	0.0000000000000
47.855998992920	0.57854121923447	 -0.41774532198906	49.550467268629	0.0000000000000
47.872001647949	0.57458931207657	 -0.42349028587341	49.550467268629	0.0000000000000
47.888000488281	0.57057940959930	 -0.42920237779617	49.550467268629	0.0000000000000
47.903999328613	0.56651180982590	 -0.43488094210625	49.550467268629	0.0000000000000
47.919998168945	0.56238585710526	 -0.44052642583847	49.550467268629	0.0000000000000
47.936000823975	0.55820262432098	 -0.44613730907440	49.550467268629	0.0000000000000
47.951999664307	0.55396157503128	 -0.45171391963959	49.550467268629	0.0000000000000
47.967998504639	0.54966336488724	 -0.45725527405739	49.550467268629	0.0000000000000
47.984001159668	0.54530900716782	 -0.46275964379311	49.550467268629	0.0000000000000
48.000000000000	0.54089719057083	 -0.46822863817215	49.550467268629	0.0000000000000
48.015998840332	0.53642940521240	 -0.47366005182266	49.550467268629	0.0000000000000
48.032001495361	0.53190499544144	 -0.47905439138412	49.550467268629	0.0000000000000
48.048000335693	0.52732479572296	 -0.48441049456596	49.550467268629	0.0000000000000
48.063999176025	0.52268904447556	 -0.48972788453102	49.550467268629	0.0000000000000
48.080001831055	0.51799750328064	 -0.49500641226768	49.550467268629	0.0000000000000
48.096000671387	0.51325100660324	 -0.50024509429932	49.550467268629	0.0000000000000
48.111999511719	0.50844931602478	 -0.50544381141663	49.550467268629	0.0000000000000
48.127998352051	0.50359320640564	 -0.51060146093369	49.550467268629	0.0000000000000
48.144001007080	0.49868211150169	 -0.51571851968765	49.550467268629	0.0000000000000
48.159999847412	0.49371719360352	 -0.52079337835312	49.550467268629	0.0000000000000
48.175998687744	0.48869785666466	 -0.52582645416260	49.550467268629	0.0000000000000
48.192001342773	0.48362526297569	 -0.53081619739532	49.550467268629	0.0000000000000
48.208000183105	0.47849884629250	 -0.53576302528381	49.550467268629	0.0000000000000
48.223999023438	0.47331786155701	 -0.54066717624664	49.550467268629	0.0000000000000
48.240001678467	0.46808567643166	 -0.54552543163300	49.550467268629	0.0000000000000
48.256000518799	0.46279847621918	 -0.55034071207047	49.550467268629	0.0000000000000
48.271999359131	0.45746129751205	 -0.55510842800140	49.550467268629	0.0000000000000
48.287998199463	0.45206910371780	 -0.55983245372772	49.550467268629	0.0000000000000
48.304000854492	0.44662603735924	 -0.56450909376144	49.550467268629	0.0000000000000
48.319999694824	0.44113075733185	 -0.56913906335831	49.550467268629	0.0000000000000
48.335998535156	0.43558359146118	 -0.57372164726257	49.550467268629	0.0000000000000
48.352001190186	0.42998316884041	 -0.57825756072998	49.550467268629	0.0000000000000
48.368000030518	0.42433318495750	 -0.58274364471436	49.550467268629	0.0000000000000
48.383998870850	0.41863226890564	 -0.58718049526215	49.550467268629	0.0000000000000
48.400001525879	0.41287907958031	 -0.59156876802444	49.550467268629	0.0000000000000
48.416000366211	0.40707564353943	 -0.59590649604797	49.550467268629	0.0000000000000
48.431999206543	0.40122172236443	 -0.60019350051880	49.550467268629	0.0000000000000
48.448001861572	0.39531707763672	 -0.60442942380905	49.550467268629	0.0000000000000
48.464000701904	0.38936260342598	 -0.60861325263977	49.550467268629	0.0000000000000
48.479999542236	0.38335931301117	 -0.61274397373199	49.550467268629	0.0000000000000
48.495998382568	0.37730455398560	 -0.61682265996933	49.550467268629	0.0000000000000
48.512001037598	0.37119981646538	 -0.62084782123566	49.550467268629	0.0000000000000
48.527999877930	0.36504849791527	 -0.62481713294983	49.550467268629	0.0000000000000
48.543998718262	0.35884621739388	 -0.62873256206512	49.550467268629	0.0000000000000
48.560001373291	0.35259565711021	 -0.63259202241898	49.550467268629	0.0000000000000
48.576000213623	0.34629541635513	 -0.63639581203461	49.550467268629	0.0000000000000
48.591999053955	0.33994826674461	 -0.64014172554016	49.550467268629	0.0000000000000
48.608001708984	0.33355280756950	 -0.64383018016815	49.550467268629	0.0000000000000
48.624000549316	0.32710886001587	 -0.64746057987213	49.550467268629	0.0000000000000
48.639999389648	0.32061737775803	 -0.65103185176849	49.550467268629	0.0000000000000
48.655998229980	0.31407937407494	 -0.65454286336899	49.550467268629	0.0000000000000
48.672000885010	0.30749344825745	 -0.65799373388290	49.550467268629	0.0000000000000
48.687999725342	0.30086192488670	 -0.66138279438019	49.550467268629	0.0000000000000
48.703998565674	0.29418334364891	 -0.66471016407013	49.550467268629	0.0000000000000
48.720001220703	0.28745874762535	 -0.66797453165054	49.550467268629	0.0000000000000
48.736000061035	0.28068929910660	 -0.67117488384247	49.550467268629	0.0000000000000
48.751998901367	0.27387419342995	 -0.67431110143661	49.550467268629	0.0000000000000
48.768001556396	0.26701384782791	 -0.67738199234009	49.550467268629	0.0000000000000
48.784000396729	0.26010951399803	 -0.68038666248322	49.550467268629	0.0000000000000
48.799999237061	0.25316101312637	 -0.68332433700562	49.550467268629	0.0000000000000
48.816001892090	0.24616953730583	 -0.68619412183762	49.550467268629	0.0000000000000
48.832000732422	0.23913367092609	 -0.68899559974670	49.550467268629	0.0000000000000
48.847999572754	0.23205593228340	 -0.69172739982605	49.550467268629	0.0000000000000
48.863998413086	0.22493629157543	 -0.69438874721527	49.550467268629	0.0000000000000
48.880001068115	0.21777464449406	 -0.69697892665863	49.550467268629	0.0000000000000
48.895999908447	0.21057166159153	 -0.69949710369110	49.550467268629	0.0000000000000
48.911998748779	0.20332923531532	 -0.70194202661514	49.550467268629	0.0000000000000
48.928001403809	0.19604675471783	 -0.70431315898895	49.550467268629	0.0000000000000
48.944000244141	0.18872483074665	 -0.70660954713821	49.550467268629	0.0000000000000
48.959999084473	0.18136489391327	 -0.70883011817932	49.550467268629	0.0000000000000
48.976001739502	0.17396627366543	 -0.71097439527512	49.550467268629	0.0000000000000
48.992000579834	0.16653104126453	 -0.71304106712341	49.550467268629	0.0000000000000
49.007999420166	0.15905928611755	 -0.71502947807312	49.550467268629	0.0000000000000
49.023998260498	0.15155109763145	 -0.71693885326385	49.550467268629	0.0000000000000
49.040000915527	0.14400932192802	 -0.71876788139343	49.550467268629	0.0000000000000
49.055999755859	0.13643407821655	 -0.72051584720612	49.550467268629	0.0000000000000
49.071998596191	0.12882485985756	 -0.72218215465546	49.550467268629	0.0000000000000
49.088001251221	0.12118319422007	 -0.72376585006714	49.550467268629	0.0000000000000
49.104000091553	0.11351063847542	 -0.72526586055756	49.550467268629	0.0000000000000
49.119998931885	0.10580810904503	 -0.72668153047562	49.550467268629	0.0000000000000
49.136001586914	0.098075814545155	 -0.72801196575165	49.550467268629	0.0000000000000
49.152000427246	0.090315423905849	 -0.72925639152527	49.550467268629	0.0000000000000
49.167999267578	0.082527175545692	 -0.73041397333145	49.550467268629	0.0000000000000
49.183998107910	0.074714154005051	 -0.73148393630981	49.550467268629	0.0000000000000
49.200000762939	0.066874571144581	 -0.73246562480927	49.550467268629	0.0000000000000
49.215999603271	0.059012249112129	 -0.73335808515549	49.550467268629	0.0000000000000
49.231998443604	0.051126137375832	 -0.73416072130203	49.550467268629	0.0000000000000
49.248001098633	0.043218690901995	 -0.73487293720245	49.550467268629	0.0000000000000
49.263999938965	0.035290990024805	 -0.73549377918243	49.550467268629	0.0000000000000
49.279998779297	0.027343437075615	 -0.73602283000946	49.550467268629	0.0000000000000
49.296001434326	0.019378555938601	 -0.73645925521851	49.550467268629	0.0000000000000
49.312000274658	0.011396780610085	 -0.73680263757706	49.550467268629	0.0000000000000
49.327999114990	0.0033999632578343	 -0.73705238103867	49.550467268629	0.0000000000000
49.344001770020	 -0.0046114311553538	 -0.73720771074295	49.550467268629	0.0000000000000
49.360000610352	 -0.012634813785553	 -0.73726838827133	49.550467268629	0.0000000000000
49.375999450684	 -0.020670393481851	 -0.73723369836807	49.550467268629	0.0000000000000
49.391998291016	 -0.028715554624796	 -0.73710334300995	49.550467268629	0.0000000000000
49.408000946045	 -0.036768369376659	 -0.73687690496445	49.550467268629	0.0000000000000
49.423999786377	 -0.044829707592726	 -0.73655384778976	49.550467268629	0.0000000000000
49.439998626709	 -0.052896227687597	 -0.73613387346268	49.550467268629	0.0000000000000
49.456001281738	 -0.060967363417149	 -0.73561662435532	49.550467268629	0.0000000000000
49.472000122070	 -0.069040454924107	 -0.73500198125839	49.550467268629	0.0000000000000
49.487998962402	 -0.077114932239056	 -0.73428952693939	49.550467268629	0.0000000000000
49.504001617432	 -0.085190214216709	 -0.73347902297974	49.550467268629	0.0000000000000
49.520000457764	 -0.093262918293476	 -0.73257040977478	49.550467268629	0.0000000000000
49.535999298096	 -0.10133245587349	 -0.73156362771988	49.550467268629	0.0000000000000
49.551998138428	 -0.10939822345972	 -0.73045819997787	49.550467268629	0.0000000000000
49.568000793457	 -0.11745752394199	 -0.72925430536270	49.550467268629	0.0000000000000
49.583999633789	 -0.12550978362560	 -0.72795182466507	49.550467268629	0.0000000000000
49.599998474121	 -0.13355229794979	 -0.72655093669891	49.550467268629	0.0000000000000
49.616001129150	 -0.14158447086811	 -0.72505152225494	49.550467268629	0.0000000000000
49.631999969482	 -0.14960500597954	 -0.72345364093781	49.550467268629	0.0000000000000
49.647998809814	 -0.15761052072048	 -0.72175765037537	49.550467268629	0.0000000000000
49.664001464844	 -0.16560250520706	 -0.71996331214905	49.550467268629	0.0000000000000
49.680000305176	 -0.17357760667801	 -0.71807098388672	49.550467268629	0.0000000000000
49.695999145508	 -0.18153524398804	 -0.71608090400696	49.550467268629	0.0000000000000
49.712001800537	 -0.18947273492813	 -0.71399343013763	49.550467268629	0.0000000000000
49.728000640869	 -0.19738957285881	 -0.71180874109268	49.550467268629	0.0000000000000
49.743999481201	 -0.20528443157673	 -0.70952707529068	49.550467268629	0.0000000000000
49.759998321533	 -0.21315540373325	 -0.70714896917343	49.550467268629	0.0000000000000
49.776000976562	 -0.22100196778774	 -0.70467448234558	49.550467268629	0.0000000000000
49.791999816895	 -0.22882153093815	 -0.70210450887680	49.550467268629	0.0000000000000
49.807998657227	 -0.23661352694035	 -0.69943904876709	49.550467268629	0.0000000000000
49.824001312256	 -0.24437677860260	 -0.69667863845825	49.550467268629	0.0000000000000
49.840000152588	 -0.25210943818092	 -0.69382399320602	49.550467268629	0.0000000000000
49.855998992920	 -0.25981032848358	 -0.69087547063828	49.550467268629	0.0000000000000
49.872001647949	 -0.26747894287109	 -0.68783342838287	49.550467268629	0.0000000000000
49.888000488281	 -0.27511283755302	 -0.68469887971878	49.550467268629	0.0000000000000
49.903999328613	 -0.28271150588989	 -0.68147200345993	49.550467268629	0.0000000000000
49.919998168945	 -0.29027318954468	 -0.67815381288528	49.550467268629	0.0000000000000
49.936000823975	 -0.29779750108719	 -0.67474448680878	49.550467268629	0.0000000000000
49.951999664307	 -0.30528390407562	 -0.67124444246292	49.550467268629	0.0000000000000
49.967998504639	 -0.31272947788239	 -0.66765511035919	49.550467268629	0.0000000000000
49.984001159668	 -0.32013443112373	 -0.66397655010223	49.550467268629	0.0000000000000
50.000000000000	 -0.32749640941620	 -0.66021007299423	49.550467268629	0.0000000000000
