34.000000000000	0.0078099747188389	0.010605862364173
34.015998840332	0.0079536400735378	0.010662305168808
34.032001495361	0.0081062475219369	0.010716192424297
34.048000335693	0.0082676522433758	0.010766932740808
34.063999176025	0.0084376716986299	0.010813954286277
34.080001831055	0.0086160916835070	0.010856696404517
34.096000671387	0.0088026626035571	0.010894617065787
34.111999511719	0.0089971087872982	0.010927189141512
34.127998352051	0.0091991173103452	0.010953911580145
34.144001007080	0.0094083538278937	0.010974301025271
34.159999847412	0.0096244504675269	0.010987899266183
34.175998687744	0.0098470179364085	0.010994272306561
34.192001342773	0.010075644589961	0.010993013158441
34.208000183105	0.010309891775250	0.010983742773533
34.223999023438	0.010549305006862	0.010966111905873
34.240001678467	0.010793410241604	0.010939795523882
34.256000518799	0.011041715741158	0.010904506780207
34.271999359131	0.011293716728687	0.010859984904528
34.287998199463	0.011548898182809	0.010806001722813
34.304000854492	0.011806728318334	0.010742363519967
34.319999694824	0.012066673487425	0.010668907314539
34.335998535156	0.012328189797699	0.010585505515337
34.352001190186	0.012590730562806	0.010492059402168
34.368000030518	0.012853747233748	0.010388510301709
34.383998870850	0.013116687536240	0.010274826548994
34.400001525879	0.013379008509219	0.010151010006666
34.416000366211	0.013640161603689	0.010017102584243
34.431999206543	0.013899608515203	0.0098731676116586
34.448001861572	0.014156819321215	0.0097193056717515
34.464000701904	0.014411270618439	0.0095556508749723
34.479999542236	0.014662450179458	0.0093823615461588
34.495998382568	0.014909862540662	0.0091996304690838
34.512001037598	0.015153022482991	0.0090076765045524
34.527999877930	0.015391464345157	0.0088067445904016
34.543998718262	0.015624736435711	0.0085971085354686
34.560001373291	0.015852406620979	0.0083790663629770
34.576000213623	0.016074068844318	0.0081529384478927
34.591999053955	0.016289329156280	0.0079190693795681
34.608001708984	0.016497828066349	0.0076778223738074
34.624000549316	0.016699217259884	0.0074295820668340
34.639999389648	0.016893187537789	0.0071747512556612
34.655998229980	0.017079442739487	0.0069137453101575
34.672000885010	0.017257720232010	0.0066470000892878
34.687999725342	0.017427787184715	0.0063749575056136
34.703998565674	0.017589433118701	0.0060980757698417
34.720001220703	0.017742479220033	0.0058168205432594
34.736000061035	0.017886776477098	0.0055316644720733
34.751998901367	0.018022201955318	0.0052430881187320
34.768001556396	0.018148666247725	0.0049515739083290
34.784000396729	0.018266109749675	0.0046576075255871
34.799999237061	0.018374497070909	0.0043616746552289
34.816001892090	0.018473826348782	0.0040642600506544
34.832000732422	0.018564127385616	0.0037658459041268
34.847999572754	0.018645450472832	0.0034669081214815
34.863998413086	0.018717886880040	0.0031679172534496
34.880001068115	0.018781542778015	0.0028693361673504
34.895999908447	0.018836561590433	0.0025716156233102
34.911998748779	0.018883109092712	0.0022751973010600
34.928001403809	0.018921375274658	0.0019805091433227
34.944000244141	0.018951578065753	0.0016879645409063
34.959999084473	0.018973959609866	0.0013979608193040
34.976001739502	0.018988782539964	0.0011108784237877
34.992000579834	0.018996333703399	0.00082707952242345
35.007999420166	0.018996920436621	0.00054690573597327
35.023998260498	0.018990864977241	0.00027067857445218
35.040000915527	0.018978515639901	-1.3028602552367e-06
35.055999755859	0.018960230052471	-0.00026876223273575
35.071998596191	0.018936382606626	-0.00053144712001085
35.088001251221	0.018907366320491	-0.00078912964090705
35.104000091553	0.018873581662774	-0.0010416078148410
35.119998931885	0.018835438415408	-0.0012887048069388
35.136001586914	0.018793361261487	-0.0015302713727579
35.152000427246	0.018747778609395	-0.0017661845777184
35.167999267578	0.018699126318097	-0.0019963490776718
35.183998107910	0.018647840246558	-0.0022206967696548
35.200000762939	0.018594363704324	-0.0024391904007643
35.215999603271	0.018539143726230	-0.0026518141385168
35.231998443604	0.018482616171241	-0.0028585868421942
35.248001098633	0.018425224348903	-0.0030595527496189
35.263999938965	0.018367404118180	-0.0032547835726291
35.279998779297	0.018309585750103	-0.0034443761687726
35.296001434326	0.018252190202475	-0.0036284562665969
35.312000274658	0.018195636570454	-0.0038071775343269
35.327999114990	0.018140327185392	-0.0039807171560824
35.344001770020	0.018086651340127	-0.0041492781601846
35.360000610352	0.018034994602203	-0.0043130880221725
35.375999450684	0.017985718324780	-0.0044723995961249
35.391998291016	0.017939172685146	-0.0046274857595563
35.408000946045	0.017895691096783	-0.0047786431387067
35.423999786377	0.017855584621429	-0.0049261893145740
35.439998626709	0.017819151282310	-0.0050704590976238
35.456001281738	0.017786659300327	-0.0052118087187409
35.472000122070	0.017758363857865	-0.0053506107069552
35.487998962402	0.017734495922923	-0.0054872548207641
35.504001617432	0.017715256661177	-0.0056221429258585
35.520000457764	0.017700828611851	-0.0057556927204132
35.535999298096	0.017691370099783	-0.0058883340097964
35.551998138428	0.017687011510134	-0.0060205049812794
35.568000793457	0.017687851563096	-0.0061526545323431
35.583999633789	0.017693974077702	-0.0062852394767106
35.599998474121	0.017705425620079	-0.0064187226817012
35.616001129150	0.017722230404615	-0.0065535702742636
35.631999969482	0.017744380980730	-0.0066902544349432
35.647998809814	0.017771845683455	-0.0068292450159788
35.664001464844	0.017804563045502	-0.0069710137322545
35.680000305176	0.017842441797256	-0.0071160309016705
35.695999145508	0.017885368317366	-0.0072647645138204
35.712001800537	0.017933197319508	-0.0074176755733788
35.728000640869	0.017985755577683	-0.0075752213597298
35.743999481201	0.018042841926217	-0.0077378475107253
35.759998321533	0.018104234710336	-0.0079059964045882
35.776000976562	0.018169680610299	-0.0080800931900740
35.791999816895	0.018238902091980	-0.0082605574280024
35.807998657227	0.018311597406864	-0.0084477905184031
35.824001312256	0.018387436866760	-0.0086421808227897
35.840000152588	0.018466077744961	-0.0088441008701921
35.855998992920	0.018547145649791	-0.0090539064258337
35.872001647949	0.018630243837833	-0.0092719318345189
35.888000488281	0.018714964389801	-0.0094984965398908
35.903999328613	0.018800869584084	-0.0097338948398829
35.919998168945	0.018887512385845	-0.0099784024059772
35.936000823975	0.018974421545863	-0.010232270695269
35.951999664307	0.019061114639044	-0.010495729744434
35.967998504639	0.019147090613842	-0.010768981650472
35.984001159668	0.019231839105487	-0.011052205227315
36.000000000000	0.019314838573337	-0.011345556005836
36.015998840332	0.019395546987653	-0.011649158783257
36.032001495361	0.019473429769278	-0.011963115073740
36.048000335693	0.019547928124666	-0.012287496589124
36.063999176025	0.019618486985564	-0.012622348964214
36.080001831055	0.019684540107846	-0.012967689894140
36.096000671387	0.019745521247387	-0.013323505409062
36.111999511719	0.019800866022706	-0.013689759187400
36.127998352051	0.019849998876452	-0.014066382311285
36.144001007080	0.019892355427146	-0.014453276991844
36.159999847412	0.019927369430661	-0.014850319363177
36.175998687744	0.019954470917583	-0.015257359482348
36.192001342773	0.019973110407591	-0.015674209222198
36.208000183105	0.019982732832432	-0.016100669279695
36.223999023438	0.019982798025012	-0.016536496579647
36.240001678467	0.019972765818238	-0.016981432214379
36.256000518799	0.019952120259404	-0.017435185611248
36.271999359131	0.019920341670513	-0.017897445708513
36.287998199463	0.019876940175891	-0.018367869779468
36.304000854492	0.019821422174573	-0.018846096470952
36.319999694824	0.019753325730562	-0.019331734627485
36.335998535156	0.019672196358442	-0.019824380055070
36.352001190186	0.019577598199248	-0.020323595032096
36.368000030518	0.019469117745757	-0.020828930661082
36.383998870850	0.019346354529262	-0.021339915692806
36.400001525879	0.019208936020732	-0.021856054663658
36.416000366211	0.019056508317590	-0.022376839071512
36.431999206543	0.018888738006353	-0.022901743650436
36.448001861572	0.018705312162638	-0.023430230095983
36.464000701904	0.018505951389670	-0.023961735889316
36.479999542236	0.018290389329195	-0.024495694786310
36.495998382568	0.018058389425278	-0.025031527504325
36.512001037598	0.017809741199017	-0.025568639859557
36.527999877930	0.017544258385897	-0.026106428354979
36.543998718262	0.017261780798435	-0.026644285768270
36.560001373291	0.016962174326181	-0.027181593701243
36.576000213623	0.016645329073071	-0.027717731893063
36.591999053955	0.016311164945364	-0.028252072632313
36.608001708984	0.015959624201059	-0.028783982619643
36.624000549316	0.015590685419738	-0.029312834143639
36.639999389648	0.015204344876111	-0.029837990179658
36.655998229980	0.014800623990595	-0.030358819290996
36.672000885010	0.014379573985934	-0.030874690040946
36.687999725342	0.013941273093224	-0.031384985893965
36.703998565674	0.013485826551914	-0.031889069825411
36.720001220703	0.013013361953199	-0.032386332750320
36.736000061035	0.012524022720754	-0.032876159995794
36.751998901367	0.012017996981740	-0.033357948064804
36.768001556396	0.011495484970510	-0.033831104636192
36.784000396729	0.010956700891256	-0.034295044839382
36.799999237061	0.010401897132397	-0.034749194979668
36.816001892090	0.0098313465714455	-0.035192996263504
36.832000732422	0.0092453341931105	-0.035625886172056
36.847999572754	0.0086441682651639	-0.036047339439392
36.863998413086	0.0080281812697649	-0.036456834524870
36.880001068115	0.0073977313004434	-0.036853857338428
36.895999908447	0.0067531666718423	-0.037237919867039
36.911998748779	0.0060948841273785	-0.037608552724123
36.928001403809	0.0054232804104686	-0.037965297698975
36.944000244141	0.0047387676313519	-0.038307707756758
36.959999084473	0.0040417788550258	-0.038635369390249
36.976001739502	0.0033327541314065	-0.038947872817516
36.992000579834	0.0026121465489268	-0.039244834333658
37.007999420166	0.0018804268911481	-0.039525896310806
37.023998260498	0.0011380750220269	-0.039790704846382
37.040000915527	0.00038556940853596	-0.040038939565420
37.055999755859	-0.00037659527151845	-0.040270291268826
37.071998596191	-0.0011479137465358	-0.040484480559826
37.088001251221	-0.0019278811523691	-0.040681239217520
37.104000091553	-0.0027159790042788	-0.040860321372747
37.119998931885	-0.0035117000807077	-0.041021499782801
37.136001586914	-0.0043145176023245	-0.041164580732584
37.152000427246	-0.0051239128224552	-0.041289366781712
37.167999267578	-0.0059393523260951	-0.041395697742701
37.183998107910	-0.0067603141069412	-0.041483428329229
37.200000762939	-0.0075862831436098	-0.041552435606718
37.215999603271	-0.0084167178720236	-0.041602607816458
37.231998443604	-0.0092511149123311	-0.041633855551481
37.248001098633	-0.010088941082358	-0.041646111756563
37.263999938965	-0.010929687879980	-0.041639316827059
37.279998779297	-0.011772844009101	-0.041613440960646
37.296001434326	-0.012617898173630	-0.041568461805582
37.312000274658	-0.013464353978634	-0.041504375636578
37.327999114990	-0.014311712235212	-0.041421197354794
37.344001770020	-0.015159491449594	-0.041318956762552
37.360000610352	-0.016007199883461	-0.041197687387466
37.375999450684	-0.016854379326105	-0.041057445108891
37.391998291016	-0.017700547352433	-0.040898308157921
37.408000946045	-0.018545264378190	-0.040720351040363
37.423999786377	-0.019388072192669	-0.040523666888475
37.439998626709	-0.020228529348969	-0.040308356285095
37.456001281738	-0.021066213026643	-0.040074542164803
37.472000122070	-0.021900696679950	-0.039822340011597
37.487998962402	-0.022731583565474	-0.039551887661219
37.504001617432	-0.023558471351862	-0.039263311773539
37.520000457764	-0.024380953982472	-0.038956779986620
37.535999298096	-0.025198658928275	-0.038632445037365
37.551998138428	-0.026011234149337	-0.038290452212095
37.568000793457	-0.026818294078112	-0.037930984050035
37.583999633789	-0.027619495987892	-0.037554208189249
37.599998474121	-0.028414513915777	-0.037160299718380
37.616001129150	-0.029203005135059	-0.036749437451363
37.631999969482	-0.029984641820192	-0.036321807652712
37.647998809814	-0.030759112909436	-0.035877604037523
37.664001464844	-0.031526140868664	-0.035416983067989
37.680000305176	-0.032285388559103	-0.034940171986818
37.695999145508	-0.033036597073078	-0.034447342157364
37.712001800537	-0.033779487013817	-0.033938683569431
37.728000640869	-0.034513778984547	-0.033414389938116
37.743999481201	-0.035239201039076	-0.032874658703804
37.759998321533	-0.035955514758825	-0.032319661229849
37.776000976562	-0.036662455648184	-0.031749602407217
37.791999816895	-0.037359777837992	-0.031164662912488
37.807998657227	-0.038047250360250	-0.030565025284886
37.824001312256	-0.038724616169930	-0.029950898140669
37.840000152588	-0.039391666650772	-0.029322430491447
37.855998992920	-0.040048167109489	-0.028679823502898
37.872001647949	-0.040693879127502	-0.028023250401020
37.888000488281	-0.041328597813845	-0.027352886274457
37.903999328613	-0.041952092200518	-0.026668915525079
37.919998168945	-0.042564142495394	-0.025971513241529
37.936000823975	-0.043164540082216	-0.025260830298066
37.951999664307	-0.043753068894148	-0.024537047371268
37.967998504639	-0.044329501688480	-0.023800333961844
37.984001159668	-0.044893641024828	-0.023050844669342
38.000000000000	-0.045445252209902	-0.022288750857115
38.015998840332	-0.045984104275703	-0.021514261141419
38.032001495361	-0.046510022133589	-0.020727457478642
38.048000335693	-0.047022741287947	-0.019928554072976
38.063999176025	-0.047522064298391	-0.019117686897516
38.080001831055	-0.048007745295763	-0.018295049667358
38.096000671387	-0.048479571938515	-0.017460774630308
38.111999511719	-0.048937298357487	-0.016615057364106
38.127998352051	-0.049380704760551	-0.015758011490107
38.144001007080	-0.049809526652098	-0.014889869838953
38.159999847412	-0.050223540514708	-0.014010762795806
38.175998687744	-0.050622481852770	-0.013120925985277
38.192001342773	-0.051006119698286	-0.012220434844494
38.208000183105	-0.051374182105064	-0.011309548281133
38.223999023438	-0.051726423203945	-0.010388419963419
38.240001678467	-0.052062559872866	-0.0094572696834803
38.256000518799	-0.052382335066795	-0.0085162604227662
38.271999359131	-0.052685476839542	-0.0075656357221305
38.287998199463	-0.052971702069044	-0.0066056093201041
38.304000854492	-0.053240735083818	-0.0056363483890891
38.319999694824	-0.053492296487093	-0.0046581178903580
38.335998535156	-0.053726088255644	-0.0036711890716106
38.352001190186	-0.053941834717989	-0.0026757149025798
38.368000030518	-0.054139230400324	-0.0016720349667594
38.383998870850	-0.054317984730005	-0.00066039548255503
38.400001525879	-0.054477807134390	0.00035897371708415
38.416000366211	-0.054618384689093	0.0013856644509360
38.431999206543	-0.054739426821470	0.0024195052683353
38.448001861572	-0.054840635508299	0.0034601320512593
38.464000701904	-0.054921716451645	0.0045071821659803
38.479999542236	-0.054982356727123	0.0055603608489037
38.495998382568	-0.055022258311510	0.0066193477250636
38.512001037598	-0.055041145533323	0.0076836668886244
38.527999877930	-0.055038705468178	0.0087530408054590
38.543998718262	-0.055014658719301	0.0098270336166024
38.560001373291	-0.054968729615211	0.010905170813203
38.576000213623	-0.054900605231524	0.011987162753940
38.591999053955	-0.054810054600239	0.013072431087494
38.608001708984	-0.054696779698133	0.014160594902933
38.624000549316	-0.054560519754887	0.015251177363098
38.639999389648	-0.054401036351919	0.016343681141734
38.655998229980	-0.054218079894781	0.017437608912587
38.672000885010	-0.054011419415474	0.018532419577241
38.687999725342	-0.053780827671289	0.019627612084150
38.703998565674	-0.053526110947132	0.020722569897771
38.720001220703	-0.053247045725584	0.021816819906235
38.736000061035	-0.052943460643291	0.022909738123417
38.751998901367	-0.052615169435740	0.024000754579902
38.768001556396	-0.052262041717768	0.025089222937822
38.784000396729	-0.051883921027184	0.026174554601312
38.799999237061	-0.051480691879988	0.027256101369858
38.816001892090	-0.051052235066891	0.028333242982626
38.832000732422	-0.050598483532667	0.029405284672976
38.847999572754	-0.050119344145060	0.030471600592136
38.863998413086	-0.049614805728197	0.031531456857920
38.880001068115	-0.049084797501564	0.032584223896265
38.895999908447	-0.048529352992773	0.033629156649113
38.911998748779	-0.047948468476534	0.034665558487177
38.928001403809	-0.047342207282782	0.035692699253559
38.944000244141	-0.046710584312677	0.036709908396006
38.959999084473	-0.046053733676672	0.037716403603554
38.976001739502	-0.045371737331152	0.038711473345757
38.992000579834	-0.044664748013020	0.039694380015135
39.007999420166	-0.043932911008596	0.040664397180080
39.023998260498	-0.043176434934139	0.041620738804340
39.040000915527	-0.042395506054163	0.042562711983919
39.055999755859	-0.041590407490730	0.043489519506693
39.071998596191	-0.040761351585388	0.044400479644537
39.088001251221	-0.039908703416586	0.045294780284166
39.104000091553	-0.039032746106386	0.046171721071005
39.119998931885	-0.038133822381496	0.047030568122864
39.136001586914	-0.037212297320366	0.047870613634586
39.152000427246	-0.036268603056669	0.048691105097532
39.167999267578	-0.035303167998791	0.049491338431835
39.183998107910	-0.034316487610340	0.050270590931177
39.200000762939	-0.033308986574411	0.051028203219175
39.215999603271	-0.032281160354614	0.051763508468866
39.231998443604	-0.031233638525009	0.052475783973932
39.248001098633	-0.030166916549206	0.053164415061474
39.263999938965	-0.029081672430038	0.053828716278076
39.279998779297	-0.027978377416730	0.054468140006065
39.296001434326	-0.026857806369662	0.055082023143768
39.312000274658	-0.025720635429025	0.055669769644737
39.327999114990	-0.024567453190684	0.056230861693621
39.344001770020	-0.023399030789733	0.056764729321003
39.360000610352	-0.022216103971004	0.057270847260952
39.375999450684	-0.021019432693720	0.057748716324568
39.391998291016	-0.019809795543551	0.058197855949402
39.408000946045	-0.018587997183204	0.058617822825909
39.423999786377	-0.017354877665639	0.059008181095123
39.439998626709	-0.016111241653562	0.059368535876274
39.456001281738	-0.014857940375805	0.059698522090912
39.472000122070	-0.013595868833363	0.059997789561749
39.487998962402	-0.012325904332101	0.060266025364399
39.504001617432	-0.011048940941691	0.060502953827381
39.520000457764	-0.0097659090533853	0.060708310455084
39.535999298096	-0.0084776682779193	0.060881890356541
39.551998138428	-0.0071852556429803	0.061023481190205
39.568000793457	-0.0058895465917885	0.061132945120335
39.583999633789	-0.0045914803631604	0.061210155487061
39.599998474121	-0.0032920590601861	0.061255007982254
39.616001129150	-0.0019922601059079	0.061267454177141
39.631999969482	-0.00069297756999731	0.061247471719980
39.647998809814	0.00060477771330625	0.061195075511932
39.664001464844	0.0019000524189323	0.061110299080610
39.680000305176	0.0031918946187943	0.060993231832981
39.695999145508	0.0044792676344514	0.060843978077173
39.712001800537	0.0057612545788288	0.060662698000669
39.728000640869	0.0070369741879404	0.060449555516243
39.743999481201	0.0083053484559059	0.060204777866602
39.759998321533	0.0095654521137476	0.059928625822067
39.776000976562	0.010816427879035	0.059621363878250
39.791999816895	0.012057311832905	0.059283312410116
39.807998657227	0.013287155888975	0.058914829045534
39.824001312256	0.014505137689412	0.058516286313534
39.840000152588	0.015710251405835	0.058088120073080
39.855998992920	0.016901761293411	0.057630743831396
39.872001647949	0.018078723922372	0.057144656777382
39.888000488281	0.019240332767367	0.056630354374647
39.903999328613	0.020385785028338	0.056088369339705
39.919998168945	0.021514236927032	0.055519282817841
39.936000823975	0.022624988108873	0.054923661053181
39.951999664307	0.023717233911157	0.054302133619785
39.967998504639	0.024790270254016	0.053655341267586
39.984001159668	0.025843368843198	0.052983961999416
40.000000000000	0.026875901967287	0.052288655191660
40.015998840332	0.027887172996998	0.051570173352957
40.032001495361	0.028876554220915	0.050829239189625
40.048000335693	0.029843529686332	0.050066571682692
40.063999176025	0.030787441879511	0.049282997846603
40.080001831055	0.031707778573036	0.048479296267033
40.096000671387	0.032604083418846	0.047656241804361
40.111999511719	0.033475864678621	0.046814672648907
40.127998352051	0.034322638064623	0.045955456793308
40.144001007080	0.035144042223692	0.045079402625561
40.159999847412	0.035939682275057	0.044187389314175
40.175998687744	0.036709211766720	0.043280281126499
40.192001342773	0.037452291697264	0.042358990758657
40.208000183105	0.038168709725142	0.041424348950386
40.223999023438	0.038858216255903	0.040477238595486
40.240001678467	0.039520516991615	0.039518643170595
40.256000518799	0.040155529975891	0.038549359887838
40.271999359131	0.040763068944216	0.037570346146822
40.287998199463	0.041343025863171	0.036582492291927
40.304000854492	0.041895344853401	0.035586670041084
40.319999694824	0.042419955134392	0.034583806991577
40.335998535156	0.042916890233755	0.033574752509594
40.352001190186	0.043386105448008	0.032560467720032
40.368000030518	0.043827727437019	0.031541731208563
40.383998870850	0.044241789728403	0.030519500374794
40.400001525879	0.044628445059061	0.029494587332010
40.416000366211	0.044987838715315	0.028467832133174
40.431999206543	0.045320134609938	0.027440106496215
40.448001861572	0.045625552535057	0.026412209495902
40.464000701904	0.045904312282801	0.025384994223714
40.479999542236	0.046156704425812	0.024359198287129
40.495998382568	0.046383004635572	0.023335639387369
40.512001037598	0.046583529561758	0.022315077483654
40.527999877930	0.046758640557528	0.021298222243786
40.543998718262	0.046908691525459	0.020285818725824
40.560001373291	0.047034077346325	0.019278565421700
40.576000213623	0.047135200351477	0.018277183175087
40.591999053955	0.047212526202202	0.017282264307141
40.608001708984	0.047266472131014	0.016294507309794
40.624000549316	0.047297537326813	0.015314483083785
40.639999389648	0.047306209802628	0.014342801645398
40.655998229980	0.047292996197939	0.013380030170083
40.672000885010	0.047258425503969	0.012426686473191
40.687999725342	0.047203026711941	0.011483334004879
40.703998565674	0.047127373516560	0.010550398379564
40.720001220703	0.047032006084919	0.0096283918246627
40.736000061035	0.046917513012886	0.0087177352979779
40.751998901367	0.046784479171038	0.0078188246116042
40.768001556396	0.046633496880531	0.0069320732727647
40.784000396729	0.046465165913105	0.0060578049160540
40.799999237061	0.046280093491077	0.0051963622681797
40.816001892090	0.046078890562057	0.0043480610474944
40.832000732422	0.045862171798944	0.0035131496842951
40.847999572754	0.045630555599928	0.0026918740477413
40.863998413086	0.045384656637907	0.0018844765145332
40.880001068115	0.045125097036362	0.0010911329882219
40.895999908447	0.044852491468191	0.00031203840626404
40.911998748779	0.044567447155714	-0.00045272102579474
40.928001403809	0.044270589947701	-0.0012029748177156
40.944000244141	0.043962512165308	-0.0019386595813558
40.959999084473	0.043643821030855	-0.0026596914976835
40.976001739502	0.043315105140209	-0.0033660489134490
40.992000579834	0.042976953089237	-0.0040577100589871
41.007999420166	0.042629938572645	-0.0047346712090075
41.023998260498	0.042274635285139	-0.0053969896398485
41.040000915527	0.041911594569683	-0.0060446583665907
41.055999755859	0.041541364043951	-0.0066777891479433
41.071998596191	0.041164476424456	-0.0072964695282280
41.088001251221	0.040781453251839	-0.0079008005559444
41.104000091553	0.040392804890871	-0.0084909014403820
41.119998931885	0.039999011904001	-0.0090669579803944
41.136001586914	0.039600562304258	-0.0096290959045291
41.152000427246	0.039197914302349	-0.010177508927882
41.167999267578	0.038791507482529	-0.010712397284806
41.183998107910	0.038381785154343	-0.011233957484365
41.200000762939	0.037969145923853	-0.011742412112653
41.215999603271	0.037553992122412	-0.012238005176187
41.231998443604	0.037136700004339	-0.012720959261060
41.248001098633	0.036717623472214	-0.013191566802561
41.263999938965	0.036297105252743	-0.013650076463819
41.279998779297	0.035875458270311	-0.014096770435572
41.296001434326	0.035453006625175	-0.014531907625496
41.312000274658	0.035030025988817	-0.014955776743591
41.327999114990	0.034606765955687	-0.015368700027466
41.344001770020	0.034183483570814	-0.015770973637700
41.360000610352	0.033760432153940	-0.016162836924195
41.375999450684	0.033337771892548	-0.016544697806239
41.391998291016	0.032915741205215	-0.016916755586863
41.408000946045	0.032494474202394	-0.017279397696257
41.423999786377	0.032074145972729	-0.017632888630033
41.439998626709	0.031654898077250	-0.017977533861995
41.456001281738	0.031236842274666	-0.018313640728593
41.472000122070	0.030820062384009	-0.018641529604793
41.487998962402	0.030404683202505	-0.018961453810334
41.504001617432	0.029990734532475	-0.019273752346635
41.520000457764	0.029578285291791	-0.019578687846661
41.535999298096	0.029167385771871	-0.019876524806023
41.551998138428	0.028758028522134	-0.020167589187622
41.568000793457	0.028350250795484	-0.020452093333006
41.583999633789	0.027944037690759	-0.020730311051011
41.599998474121	0.027539361268282	-0.021002521738410
41.616001129150	0.027136199176311	-0.021268939599395
41.631999969482	0.026734516024590	-0.021529791876674
41.647998809814	0.026334250345826	-0.021785311400890
41.664001464844	0.025935323908925	-0.022035723552108
41.680000305176	0.025537693873048	-0.022281203418970
41.695999145508	0.025141259655356	-0.022521955892444
41.712001800537	0.024745909497142	-0.022758174687624
41.728000640869	0.024351591244340	-0.022989988327026
41.743999481201	0.023958168923855	-0.023217570036650
41.759998321533	0.023565527051687	-0.023441083729267
41.776000976562	0.023173565044999	-0.023660629987717
41.791999816895	0.022782154381275	-0.023876335471869
41.807998657227	0.022391166538000	-0.024088311940432
41.824001312256	0.022000487893820	-0.024296637624502
41.840000152588	0.021609973162413	-0.024501411244273
41.855998992920	0.021219491958618	-0.024702690541744
41.872001647949	0.020828930661082	-0.024900522083044
41.888000488281	0.020438123494387	-0.025094978511333
41.903999328613	0.020046969875693	-0.025286056101322
41.919998168945	0.019655322656035	-0.025473792105913
41.936000823975	0.019263049587607	-0.025658195838332
41.951999664307	0.018870051950216	-0.025839244946837
41.967998504639	0.018476169556379	-0.026016956195235
41.984001159668	0.018081299960613	-0.026191284880042
42.000000000000	0.017685340717435	-0.026362191885710
42.015998840332	0.017288178205490	-0.026529626920819
42.032001495361	0.016889674589038	-0.026693567633629
42.048000335693	0.016489785164595	-0.026853902265429
42.063999176025	0.016088373959064	-0.027010595425963
42.080001831055	0.015685386955738	-0.027163546532393
42.096000671387	0.015280737541616	-0.027312666177750
42.111999511719	0.014874340966344	-0.027457874268293
42.127998352051	0.014466164633632	-0.027599047869444
42.144001007080	0.014056112617254	-0.027736099436879
42.159999847412	0.013644189573824	-0.027868889272213
42.175998687744	0.013230340555310	-0.027997313067317
42.192001342773	0.012814524583519	-0.028121246024966
42.208000183105	0.012396725825965	-0.028240567073226
42.223999023438	0.011976982466877	-0.028355119749904
42.240001678467	0.011555234901607	-0.028464801609516
42.256000518799	0.011131536215544	-0.028569458052516
42.271999359131	0.010705892927945	-0.028668960556388
42.287998199463	0.010278329253197	-0.028763173148036
42.304000854492	0.0098488917574286	-0.028851954266429
42.319999694824	0.0094176465645432	-0.028935160487890
42.335998535156	0.0089846253395081	-0.029012668877840
42.352001190186	0.0085499212145805	-0.029084336012602
42.368000030518	0.0081136059015989	-0.029150027781725
42.383998870850	0.0076757585629821	-0.029209623113275
42.400001525879	0.0072365053929389	-0.029262984171510
42.416000366211	0.0067959227599204	-0.029309993609786
42.431999206543	0.0063541363924742	-0.029350532218814
42.448001861572	0.0059112492017448	-0.029384488239884
42.464000701904	0.0054674381390214	-0.029411742463708
42.479999542236	0.0050227767787874	-0.029432205483317
42.495998382568	0.0045774672180414	-0.029445771127939
42.512001037598	0.0041316328570247	-0.029452342540026
42.527999877930	0.0036854455247521	-0.029451845213771
42.543998718262	0.0032390509732068	-0.029444199055433
42.560001373291	0.0027926287148148	-0.029429331421852
42.576000213623	0.0023463466204703	-0.029407180845737
42.591999053955	0.0019003910711035	-0.029377695173025
42.608001708984	0.0014549504267052	-0.029340824112296
42.624000549316	0.0010102019878104	-0.029296528548002
42.639999389648	0.00056635338114575	-0.029244784265757
42.655998229980	0.00012357172090560	-0.029185567051172
42.672000885010	-0.00031794633832760	-0.029118865728378
42.687999725342	-0.00075797550380230	-0.029044676572084
42.703998565674	-0.0011963316937909	-0.028963008895516
42.720001220703	-0.0016328305937350	-0.028873873874545
42.736000061035	-0.0020672602113336	-0.028777297586203
42.751998901367	-0.0024994511622936	-0.028673307970166
42.768001556396	-0.0029291519895196	-0.028561959043145
42.784000396729	-0.0033561959862709	-0.028443289920688
42.799999237061	-0.0037803903687745	-0.028317367658019
42.816001892090	-0.0042015309445560	-0.028184259310365
42.832000732422	-0.0046194442547858	-0.028044037520885
42.847999572754	-0.0050339577719569	-0.027896787971258
42.863998413086	-0.0054448381997645	-0.027742613106966
42.880001068115	-0.0058519598096609	-0.027581602334976
42.895999908447	-0.0062551242299378	-0.027413871139288
42.911998748779	-0.0066541614942253	-0.027239535003901
42.928001403809	-0.0070489081554115	-0.027058715000749
42.944000244141	-0.0074392296373844	-0.026871539652348
42.959999084473	-0.0078249229118228	-0.026678154245019
42.976001739502	-0.0082058636471629	-0.026478700339794
42.992000579834	-0.0085819354280829	-0.026273315772414
43.007999420166	-0.0089530264958739	-0.026062149554491
43.023998260498	-0.0093189319595695	-0.025845382362604
43.040000915527	-0.0096796024590731	-0.025623159483075
43.055999755859	-0.010034869424999	-0.025395661592484
43.071998596191	-0.010384698398411	-0.025163037702441
43.088001251221	-0.010728960856795	-0.024925475940108
43.104000091553	-0.011067557148635	-0.024683155119419
43.119998931885	-0.011400445364416	-0.024436239153147
43.136001586914	-0.011727520264685	-0.024184925481677
43.152000427246	-0.012048703618348	-0.023929402232170
43.167999267578	-0.012363973073661	-0.023669838905334
43.183998107910	-0.012673289515078	-0.023406414315104
43.200000762939	-0.012976596131921	-0.023139324039221
43.215999603271	-0.013273889198899	-0.022868733853102
43.231998443604	-0.013565104454756	-0.022594856098294
43.248001098633	-0.013850249350071	-0.022317856550217
43.263999938965	-0.014129339717329	-0.022037902846932
43.279998779297	-0.014402351342142	-0.021755190566182
43.296001434326	-0.014669268392026	-0.021469909697771
43.312000274658	-0.014930182136595	-0.021182183176279
43.327999114990	-0.015185070224106	-0.020892215892673
43.344001770020	-0.015433951281011	-0.020600182935596
43.360000610352	-0.015676891431212	-0.020306218415499
43.375999450684	-0.015913899987936	-0.020010514184833
43.391998291016	-0.016145071014762	-0.019713183864951
43.408000946045	-0.016370445489883	-0.019414393231273
43.423999786377	-0.016590081155300	-0.019114281982183
43.439998626709	-0.016804028302431	-0.018813006579876
43.456001281738	-0.017012372612953	-0.018510686233640
43.472000122070	-0.017215201631188	-0.018207436427474
43.487998962402	-0.017412589862943	-0.017903381958604
43.504001617432	-0.017604611814022	-0.017598645761609
43.520000457764	-0.017791343852878	-0.017293345183134
43.535999298096	-0.017972899600863	-0.016987560316920
43.551998138428	-0.018149374052882	-0.016681378707290
43.568000793457	-0.018320832401514	-0.016374925151467
43.583999633789	-0.018487386405468	-0.016068262979388
43.599998474121	-0.018649164587259	-0.015761429443955
43.616001129150	-0.018806228414178	-0.015454533509910
43.631999969482	-0.018958661705256	-0.015147658996284
43.647998809814	-0.019106617197394	-0.014840795658529
43.664001464844	-0.019250154495239	-0.014534031972289
43.680000305176	-0.019389396533370	-0.014227387495339
43.695999145508	-0.019524415954947	-0.013920922763646
43.712001800537	-0.019655337557197	-0.013614623807371
43.728000640869	-0.019782220944762	-0.013308566994965
43.743999481201	-0.019905172288418	-0.013002745807171
43.759998321533	-0.020024294033647	-0.012697149999440
43.776000976562	-0.020139671862125	-0.012391786091030
43.791999816895	-0.020251376554370	-0.012086670845747
43.807998657227	-0.020359497517347	-0.011781782843173
43.824001312256	-0.020464111119509	-0.011477113701403
43.840000152588	-0.020565269514918	-0.011172671802342
43.855998992920	-0.020663077011704	-0.010868385434151
43.872001647949	-0.020757555961609	-0.010564292781055
43.888000488281	-0.020848806947470	-0.010260294191539
43.903999328613	-0.020936857908964	-0.0099564064294100
43.919998168945	-0.021021772176027	-0.0096525615081191
43.936000823975	-0.021103570237756	-0.0093487715348601
43.951999664307	-0.021182313561440	-0.0090449443086982
43.967998504639	-0.021258031949401	-0.0087410463020205
43.984001159668	-0.021330744028091	-0.0084370430558920
44.000000000000	-0.021400479599833	-0.0081328768283129
44.015998840332	-0.021467238664627	-0.0078285308554769
44.032001495361	-0.021531045436859	-0.0075239245779812
44.048000335693	-0.021591907367110	-0.0072190002538264
44.063999176025	-0.021649803966284	-0.0069137574173510
44.080001831055	-0.021704738959670	-0.0066081155091524
44.096000671387	-0.021756703034043	-0.0063020125962794
44.111999511719	-0.021805664524436	-0.0059954528696835
44.127998352051	-0.021851610392332	-0.0056883324868977
44.144001007080	-0.021894503384829	-0.0053806561045349
44.159999847412	-0.021934311836958	-0.0050723440945148
44.175998687744	-0.021970989182591	-0.0047634025104344
44.192001342773	-0.022004494443536	-0.0044537764042616
44.208000183105	-0.022034771740437	-0.0041434317827225
44.223999023438	-0.022061767056584	-0.0038323600310832
44.240001678467	-0.022085430100560	-0.0035204906016588
44.256000518799	-0.022105682641268	-0.0032078593503684
44.271999359131	-0.022122466936707	-0.0028944013174623
44.287998199463	-0.022135704755783	-0.0025801591109484
44.304000854492	-0.022145323455334	-0.0022650936152786
44.319999694824	-0.022151250392199	-0.0019491902785376
44.335998535156	-0.022153398022056	-0.0016324799507856
44.352001190186	-0.022151684388518	-0.0013149761362001
44.368000030518	-0.022146027535200	-0.00099667429458350
44.383998870850	-0.022136338055134	-0.00067759503144771
44.400001525879	-0.022122528403997	-0.00035778415622190
44.416000366211	-0.022104505449533	-3.7290912587196e-05
44.431999206543	-0.022082187235355	0.00028389436192811
44.448001861572	-0.022055475041270	0.00060569302877411
44.464000701904	-0.022024281322956	0.00092806445900351
44.479999542236	-0.021988518536091	0.0012509429361671
44.495998382568	-0.021948093548417	0.0015742793912068
44.512001037598	-0.021902924403548	0.0018979577580467
44.527999877930	-0.021852916106582	0.0022219833917916
44.543998718262	-0.021797988563776	0.0025462110061198
44.560001373291	-0.021738059818745	0.0028705541044474
44.576000213623	-0.021673044189811	0.0031949640251696
44.591999053955	-0.021602874621749	0.0035192838404328
44.608001708984	-0.021527465432882	0.0038434355519712
44.624000549316	-0.021446751430631	0.0041673379018903
44.639999389648	-0.021360671147704	0.0044908029958606
44.655998229980	-0.021269151940942	0.0048137828707695
44.672000885010	-0.021172143518925	0.0051361038349569
44.687999725342	-0.021069584414363	0.0054576699621975
44.703998565674	-0.020961433649063	0.0057783229276538
44.720001220703	-0.020847646519542	0.0060979197733104
44.736000061035	-0.020728185772896	0.0064163375645876
44.751998901367	-0.020603019744158	0.0067334095947444
44.768001556396	-0.020472122356296	0.0070489877834916
44.784000396729	-0.020335471257567	0.0073629403486848
44.799999237061	-0.020193045958877	0.0076751159504056
44.816001892090	-0.020044863224030	0.0079853031784296
44.832000732422	-0.019890887662768	0.0082934256643057
44.847999572754	-0.019731154665351	0.0085992515087128
44.863998413086	-0.019565667957067	0.0089026438072324
44.880001068115	-0.019394444301724	0.0092034479603171
44.895999908447	-0.019217502325773	0.0095015075057745
44.911998748779	-0.019034890457988	0.0097966305911541
44.928001403809	-0.018846647813916	0.010088664479554
44.944000244141	-0.018652813509107	0.010377453640103
44.959999084473	-0.018453434109688	0.010662848129869
44.976001739502	-0.018248587846756	0.010944658890367
44.992000579834	-0.018038349226117	0.011222723871469
45.007999420166	-0.017822770401835	0.011496911756694
45.023998260498	-0.017601938918233	0.011767061427236
45.040000915527	-0.017375944182277	0.012033015489578
45.055999755859	-0.017144875600934	0.012294636107981
45.071998596191	-0.016908857971430	0.012551738880575
45.088001251221	-0.016667967662215	0.012804224155843
45.104000091553	-0.016422342509031	0.013051915913820
45.119998931885	-0.016172066330910	0.013294725678861
45.136001586914	-0.015917295590043	0.013532483950257
45.152000427246	-0.015658143907785	0.013765078969300
45.167999267578	-0.015394740737975	0.013992399908602
45.183998107910	-0.015127236954868	0.014214310795069
45.200000762939	-0.014855781570077	0.014430698938668
45.215999603271	-0.014580484479666	0.014641498215497
45.231998443604	-0.014301543124020	0.014846564270556
45.248001098633	-0.014019086025655	0.015045825392008
45.263999938965	-0.013733261264861	0.015239205211401
45.279998779297	-0.013444249518216	0.015426605008543
45.296001434326	-0.013152206316590	0.015607957728207
45.312000274658	-0.012857316993177	0.015783179551363
45.327999114990	-0.012559709139168	0.015952240675688
45.344001770020	-0.012259574607015	0.016115069389343
45.360000610352	-0.011957090348005	0.016271611675620
45.375999450684	-0.011652403511107	0.016421843320131
45.391998291016	-0.011345743201673	0.016565689817071
45.408000946045	-0.011037196032703	0.016703184694052
45.423999786377	-0.010727005079389	0.016834253445268
45.439998626709	-0.010415307246149	0.016958910971880
45.456001281738	-0.010102282278240	0.017077138647437
45.472000122070	-0.0097881136462092	0.017188925296068
45.487998962402	-0.0094729494303465	0.017294291406870
45.504001617432	-0.0091569870710373	0.017393229529262
45.520000457764	-0.0088403392583132	0.017485782504082
45.535999298096	-0.0085232360288501	0.017571941018105
45.551998138428	-0.0082058021798730	0.017651749774814
45.568000793457	-0.0078881978988647	0.017725244164467
45.583999633789	-0.0075705796480179	0.017792459577322
45.599998474121	-0.0072531164623797	0.017853435128927
45.616001129150	-0.0069359275512397	0.017908230423927
45.631999969482	-0.0066191796213388	0.017956892028451
45.647998809814	-0.0063030016608536	0.017999483272433
45.664001464844	-0.0059875547885895	0.018036058172584
45.680000305176	-0.0056729619391263	0.018066687509418
45.695999145508	-0.0053593609482050	0.018091436475515
45.712001800537	-0.0050468523986638	0.018110390752554
45.728000640869	-0.0047356006689370	0.018123613670468
45.743999481201	-0.0044256653636694	0.018131196498871
45.759998321533	-0.0041172048076987	0.018133215606213
45.776000976562	-0.0038103049155325	0.018129758536816
45.791999816895	-0.0035050828009844	0.018120909109712
45.807998657227	-0.0032016176264733	0.018106758594513
45.824001312256	-0.0029000365175307	0.018087390810251
45.840000152588	-0.0026003944221884	0.018062904477119
45.855998992920	-0.0023027765564620	0.018033394590020
45.872001647949	-0.0020072825718671	0.017998946830630
45.888000488281	-0.0017139734700322	0.017959659919143
45.903999328613	-0.0014229078078642	0.017915626987815
45.919998168945	-0.0011341914068907	0.017866935580969
45.936000823975	-0.00084785890066996	0.017813690006733
45.951999664307	-0.00056395895080641	0.017755975946784
45.967998504639	-0.00028255398501642	0.017693888396025
45.984001159668	-3.7035135846963e-06	0.017627518624067
46.000000000000	0.00027256939210929	0.017556954175234
46.015998840332	0.00054621062008664	0.017482288181782
46.032001495361	0.00081716885324568	0.017403608188033
46.048000335693	0.0010854118736461	0.017320998013020
46.063999176025	0.0013509589480236	0.017234539613128
46.080001831055	0.0016137157799676	0.017144318670034
46.096000671387	0.0018736890051514	0.017050413414836
46.111999511719	0.0021308218128979	0.016952902078629
46.127998352051	0.0023851403966546	0.016851861029863
46.144001007080	0.0026365902740508	0.016747364774346
46.159999847412	0.0028851833194494	0.016639476642013
46.175998687744	0.0031308690086007	0.016528276726604
46.192001342773	0.0033736759796739	0.016413819044828
46.208000183105	0.0036135399714112	0.016296176239848
46.223999023438	0.0038504756521434	0.016175407916307
46.240001678467	0.0040844818577170	0.016051566228271
46.256000518799	0.0043155271559954	0.015924712643027
46.271999359131	0.0045435959473252	0.015794904902577
46.287998199463	0.0047686877660453	0.015662189573050
46.304000854492	0.0049908161163330	0.015526608563960
46.319999694824	0.0052099055610597	0.015388230793178
46.335998535156	0.0054260138422251	0.015247077681124
46.352001190186	0.0056390785612166	0.015103207901120
46.368000030518	0.0058491136878729	0.014956657774746
46.383998870850	0.0060560707934201	0.014807475730777
46.400001525879	0.0062599736265838	0.014655685983598
46.416000366211	0.0064607886597514	0.014501335099339
46.431999206543	0.0066584954038262	0.014344456605613
46.448001861572	0.0068530715070665	0.014185088686645
46.464000701904	0.0070444960147142	0.014023267664015
46.479999542236	0.0072327302768826	0.013859031721950
46.495998382568	0.0074177784845233	0.013692404143512
46.512001037598	0.0075996001251042	0.013523423112929
46.527999877930	0.0077781435102224	0.013352137058973
46.543998718262	0.0079534072428942	0.013178562745452
46.560001373291	0.0081253489479423	0.013002742081881
46.576000213623	0.0082939164713025	0.012824722565711
46.591999053955	0.0084591014310718	0.012644521892071
46.608001708984	0.0086208507418633	0.012462188489735
46.624000549316	0.0087791197001934	0.012277767062187
46.639999389648	0.0089338775724173	0.012091292999685
46.655998229980	0.0090850656852126	0.011902818456292
46.672000885010	0.0092326542362571	0.011712381616235
46.687999725342	0.0093765724450350	0.011520046740770
46.703998565674	0.0095168026164174	0.011325846426189
46.720001220703	0.0096532758325338	0.011129848659039
46.736000061035	0.0097859688103199	0.010932087898254
46.751998901367	0.0099147977307439	0.010732654482126
46.768001556396	0.010039731860161	0.010531598702073
46.784000396729	0.010160729289055	0.010328975506127
46.799999237061	0.010277717374265	0.010124876163900
46.816001892090	0.010390660725534	0.0099193630740047
46.832000732422	0.010499510914087	0.0097125107422471
46.847999572754	0.010604225099087	0.0095043983310461
46.863998413086	0.010704731568694	0.0092951329424977
46.880001068115	0.010801011696458	0.0090847797691822
46.895999908447	0.010893017053604	0.0088734319433570
46.911998748779	0.010980697348714	0.0086611947044730
46.928001403809	0.011064013466239	0.0084481704980135
46.944000244141	0.011142940260470	0.0082344496622682
46.959999084473	0.011217429302633	0.0080201569944620
46.976001739502	0.011287469416857	0.0078053763136268
46.992000579834	0.011353014037013	0.0075902487151325
47.007999420166	0.011414039880037	0.0073748948052526
47.023998260498	0.011470541357994	0.0071594137698412
47.040000915527	0.011522496119142	0.0069439411163330
47.055999755859	0.011569889262319	0.0067286132834852
47.071998596191	0.011612730100751	0.0065135322511196
47.088001251221	0.011651003733277	0.0062988596037030
47.104000091553	0.011684715747833	0.0060847215354443
47.119998931885	0.011713885702193	0.0058712470345199
47.136001586914	0.011738525703549	0.0056585739366710
47.152000427246	0.011758661828935	0.0054468410089612
47.167999267578	0.011774311773479	0.0052362098358572
47.183998107910	0.011785527691245	0.0050267828628421
47.200000762939	0.011792332865298	0.0048187407664955
47.215999603271	0.011794786900282	0.0046122083440423
47.231998443604	0.011792941018939	0.0044073285534978
47.248001098633	0.011786862276495	0.0042042322456837
47.263999938965	0.011776614934206	0.0040030702948570
47.279998779297	0.011762280017138	0.0038039679639041
47.296001434326	0.011743933893740	0.0036070803180337
47.312000274658	0.011721667833626	0.0034125368110836
47.327999114990	0.011695584282279	0.0032204519957304
47.344001770020	0.011665782891214	0.0030309702269733
47.360000610352	0.011632375419140	0.0028442074544728
47.375999450684	0.011595484800637	0.0026602761354297
47.391998291016	0.011555226519704	0.0024793157353997
47.408000946045	0.011511738412082	0.0023014158941805
47.423999786377	0.011465154588223	0.0021266944240779
47.439998626709	0.011415620334446	0.0019552402663976
47.456001281738	0.011363282799721	0.0017871687887236
47.472000122070	0.011308302171528	0.0016225239960477
47.487998962402	0.011250833049417	0.0014614296378568
47.504001617432	0.011191044934094	0.0013039377517998
47.520000457764	0.011129105463624	0.0011501254048198
47.535999298096	0.011065191589296	0.0010000307811424
47.551998138428	0.010999479331076	0.00085372722242028
47.568000793457	0.010932153090835	0.00071123841917142
47.583999633789	0.010863397270441	0.00057259196182713
47.599998474121	0.010793399997056	0.00043781835120171
47.616001129150	0.010722352191806	0.00030693080043420
47.631999969482	0.010650444775820	0.00017993547953665
47.647998809814	0.010577871464193	5.6811590184225e-05
47.664001464844	0.010504826903343	-6.2427709053736e-05
47.680000305176	0.010431503877044	-0.00017784597002901
47.695999145508	0.010358097963035	-0.00028945246594958
47.712001800537	0.010284800082445	-0.00039731172728352
47.728000640869	0.010211803950369	-0.00050146394642070
47.743999481201	0.010139296762645	-0.00060200301231816
47.759998321533	0.010067466646433	-0.00069898786023259
47.776000976562	0.0099964961409569	-0.00079250091221184
47.791999816895	0.0099265649914742	-0.00088267563842237
47.807998657227	0.0098578492179513	-0.00096959073562175
47.824001312256	0.0097905201837420	-0.0010533562162891
47.840000152588	0.0097247380763292	-0.0011341396020725
47.855998992920	0.0096606658771634	-0.0012120533501729
47.872001647949	0.0095984544605017	-0.0012872479856014
47.888000488281	0.0095382463186979	-0.0013598825316876
47.903999328613	0.0094801783561707	-0.0014301345217973
47.919998168945	0.0094243790954351	-0.0014981613494456
47.936000823975	0.0093709686771035	-0.0015641468344256
47.951999664307	0.0093200542032719	-0.0016282993601635
47.967998504639	0.0092717362567782	-0.0016908065881580
47.984001159668	0.0092261070385575	-0.0017518545500934
48.000000000000	0.0091832401230931	-0.0018116876017302
48.015998840332	0.0091432062909007	-0.0018704849062487
48.032001495361	0.0091060576960444	-0.0019284929148853
48.048000335693	0.0090718371793628	-0.0019859371241182
48.063999176025	0.0090405810624361	-0.0020430218428373
48.080001831055	0.0090123005211353	-0.0021000087726861
48.096000671387	0.0089870030060410	-0.0021571211982518
48.111999511719	0.0089646819978952	-0.0022145884577185
48.127998352051	0.0089453142136335	-0.0022726526949555
48.144001007080	0.0089288633316755	-0.0023315628059208
48.159999847412	0.0089152837172151	-0.0023915388155729
48.175998687744	0.0089045111089945	-0.0024528240319341
48.192001342773	0.0088964672759175	-0.0025156589690596
48.208000183105	0.0088910646736622	-0.0025802655145526
48.223999023438	0.0088881924748421	-0.0026468893047422
48.240001678467	0.0088877398520708	-0.0027157403528690
48.256000518799	0.0088895689696074	-0.0027870433405042
48.271999359131	0.0088935419917107	-0.0028610066510737
48.287998199463	0.0088994950056076	-0.0029378435574472
48.304000854492	0.0089072603732347	-0.0030177414882928
48.319999694824	0.0089166471734643	-0.0031009213998914
48.335998535156	0.0089274663478136	-0.0031875332351774
48.352001190186	0.0089395074173808	-0.0032777690794319
48.368000030518	0.0089525468647480	-0.0033717919141054
48.383998870850	0.0089663583785295	-0.0034697467926890
48.400001525879	0.0089806970208883	-0.0035717841237783
48.416000366211	0.0089953141286969	-0.0036780254449695
48.431999206543	0.0090099507942796	-0.0037885792553425
48.448001861572	0.0090243332087994	-0.0039035587105900
48.464000701904	0.0090381875634193	-0.0040230471640825
48.479999542236	0.0090512176975608	-0.0041471375152469
48.495998382568	0.0090631525963545	-0.0042758495546877
48.512001037598	0.0090736821293831	-0.0044092461466789
48.527999877930	0.0090824980288744	-0.0045473747886717
48.543998718262	0.0090893022716045	-0.0046902219764888
48.560001373291	0.0090937949717045	-0.0048377648927271
48.576000213623	0.0090956445783377	-0.0049900151789188
48.591999053955	0.0090945549309254	-0.0051469039171934
48.608001708984	0.0090901888906956	-0.0053084115497768
48.624000549316	0.0090822605416179	-0.0054744118824601
48.639999389648	0.0090704271569848	-0.0056448616087437
48.655998229980	0.0090544102713466	-0.0058196014724672
48.672000885010	0.0090338801965117	-0.0059985355474055
48.687999725342	0.0090085361152887	-0.0061815129593015
48.703998565674	0.0089780958369374	-0.0063683507032692
48.720001220703	0.0089422464370728	-0.0065588941797614
48.736000061035	0.0089007038623095	-0.0067529431544244
48.751998901367	0.0088532213121653	-0.0069502466358244
48.768001556396	0.0087995026260614	-0.0071506071835756
48.784000396729	0.0087392935529351	-0.0073537728749216
48.799999237061	0.0086723584681749	-0.0075594694353640
48.816001892090	0.0085984552279115	-0.0077674225904047
48.832000732422	0.0085173640400171	-0.0079773403704166
48.847999572754	0.0084288753569126	-0.0081889154389501
48.863998413086	0.0083328001201153	-0.0084018204361200
48.880001068115	0.0082289436832070	-0.0086157396435738
48.895999908447	0.0081171635538340	-0.0088303070515394
48.911998748779	0.0079973116517067	-0.0090451687574387
48.928001403809	0.0078692454844713	-0.0092599699273705
48.944000244141	0.0077328719198704	-0.0094743203371763
48.959999084473	0.0075880740769207	-0.0096878539770842
48.976001739502	0.0074348133057356	-0.0099001526832581
48.992000579834	0.0072730253450572	-0.010110828094184
49.007999420166	0.0071026431396604	-0.010319499298930
49.023998260498	0.0069237095303833	-0.010525717400014
49.040000915527	0.0067361928522587	-0.010729100555182
49.055999755859	0.0065401387400925	-0.010929222218692
49.071998596191	0.0063356081955135	-0.011125661432743
49.088001251221	0.0061226622201502	-0.011318012140691
49.104000091553	0.0059013944119215	-0.011505858041346
49.119998931885	0.0056719193235040	-0.011688789352775
49.136001586914	0.0054343882948160	-0.011866389773786
49.152000427246	0.0051889386959374	-0.012038268148899
49.167999267578	0.0049357744865119	-0.012204014696181
49.183998107910	0.0046750907786191	-0.012363242916763
49.200000762939	0.0044071008451283	-0.012515572831035
49.215999603271	0.0041320645250380	-0.012660627253354
49.231998443604	0.0038502493407577	-0.012798042036593
49.248001098633	0.0035619072150439	-0.012927476316690
49.263999938965	0.0032673843670636	-0.013048580847681
49.279998779297	0.0029669569339603	-0.013161040842533
49.296001434326	0.0026609967462718	-0.013264541514218
49.312000274658	0.0023498402442783	-0.013358792290092
49.327999114990	0.0020338809117675	-0.013443513773382
49.344001770020	0.0017134759109467	-0.013518453575671
49.360000610352	0.0013890612171963	-0.013583364896476
49.375999450684	0.0010610095923766	-0.013638032600284
49.391998291016	0.00072978361276910	-0.013682254590094
49.408000946045	0.00039581931196153	-0.013715852983296
49.423999786377	5.9549456636887e-05	-0.013738669455051
49.439998626709	-0.00027854452491738	-0.013750571757555
49.456001281738	-0.00061802577693015	-0.013751448132098
49.472000122070	-0.00095838517881930	-0.013741210103035
49.487998962402	-0.0012991869589314	-0.013719791546464
49.504001617432	-0.0016399261076003	-0.013687155209482
49.520000457764	-0.0019801207818091	-0.013643283396959
49.535999298096	-0.0023192882072181	-0.013588186353445
49.551998138428	-0.0026569196488708	-0.013521900400519
49.568000793457	-0.0029925608541816	-0.013444482348859
49.583999633789	-0.0033257203176618	-0.013356012292206
49.599998474121	-0.0036558995489031	-0.013256607577205
49.616001129150	-0.0039826566353440	-0.013146393932402
49.631999969482	-0.0043055065907538	-0.013025530613959
49.647998809814	-0.0046239853836596	-0.012894203886390
49.664001464844	-0.0049376646056771	-0.012752611190081
49.680000305176	-0.0052460781298578	-0.012600993737578
49.695999145508	-0.0055488343350589	-0.012439586222172
49.712001800537	-0.0058455062098801	-0.012268668040633
49.728000640869	-0.0061356839723885	-0.012088540941477
49.743999481201	-0.0064189974218607	-0.011899510398507
49.759998321533	-0.0066950717009604	-0.011701918207109
49.776000976562	-0.0069635850377381	-0.011496102437377
49.791999816895	-0.0072241807356477	-0.011282451450825
49.807998657227	-0.0074765761382878	-0.011061334982514
49.824001312256	-0.0077204611152411	-0.010833171196282
49.840000152588	-0.0079555884003639	-0.010598368011415
49.855998992920	-0.0081817144528031	-0.010357353836298
49.872001647949	-0.0083986213430762	-0.010110571049154
49.888000488281	-0.0086061060428619	-0.0098584787920117
49.903999328613	-0.0088040214031935	-0.0096015194430947
49.919998168945	-0.0089922007173300	-0.0093401847407222
49.936000823975	-0.0091705480590463	-0.0090749263763428
49.951999664307	-0.0093389535322785	-0.0088062435388565
49.967998504639	-0.0094973845407367	-0.0085345888510346
49.984001159668	-0.0096457684412599	-0.0082604764029384
50.000000000000	-0.0097841145470738	-0.0079843755811453
