34.000000000000	0.0078028365969658	0.010554068721831
34.015998840332	0.0079458747059107	0.010610500350595
34.032001495361	0.0080978525802493	0.010664382949471
34.048000335693	0.0082586249336600	0.010715128853917
34.063999176025	0.0084280101582408	0.010762161575258
34.080001831055	0.0086057940497994	0.010804922319949
34.096000671387	0.0087917288765311	0.010842867195606
34.111999511719	0.0089855343103409	0.010875473730266
34.127998352051	0.0091869002208114	0.010902237147093
34.144001007080	0.0093954913318157	0.010922674089670
34.159999847412	0.0096109425649047	0.010936328209937
34.175998687744	0.0098328646272421	0.010942764580250
34.192001342773	0.010060842148960	0.010941578075290
34.208000183105	0.010294440202415	0.010932387784123
34.223999023438	0.010533201508224	0.010914843529463
34.240001678467	0.010776652023196	0.010888624936342
34.256000518799	0.011024303734303	0.010853440500796
34.271999359131	0.011275650933385	0.010809031315148
34.287998199463	0.011530173011124	0.010755170136690
34.304000854492	0.011787346564233	0.010691663250327
34.319999694824	0.012046633288264	0.010618346743286
34.335998535156	0.012307490222156	0.010535091161728
34.352001190186	0.012569372542202	0.010441804304719
34.368000030518	0.012831727974117	0.010338419117033
34.383998870850	0.013094009831548	0.010224910452962
34.400001525879	0.013355669565499	0.010101280175149
34.416000366211	0.013616161420941	0.0099675646051764
34.431999206543	0.013874948956072	0.0098238317295909
34.448001861572	0.014131498523057	0.0096701830625534
34.464000701904	0.014385289512575	0.0095067508518696
34.479999542236	0.014635810628533	0.0093336915597320
34.495998382568	0.014882565476000	0.0091512026265264
34.512001037598	0.015125068835914	0.0089594982564449
34.527999877930	0.015362854115665	0.0087588261812925
34.543998718262	0.015595468692482	0.0085494602099061
34.560001373291	0.015822486951947	0.0083316974341869
34.576000213623	0.016043495386839	0.0081058591604233
34.591999053955	0.016258105635643	0.0078722881153226
34.608001708984	0.016465954482555	0.0076313503086567
34.624000549316	0.016666701063514	0.0073834303766489
34.639999389648	0.016860023140907	0.0071289273910224
34.655998229980	0.017045635730028	0.0068682613782585
34.672000885010	0.017223276197910	0.0066018640063703
34.687999725342	0.017392706125975	0.0063301809132099
34.703998565674	0.017553720623255	0.0060536679811776
34.720001220703	0.017706135287881	0.0057727913372219
34.736000061035	0.017849804833531	0.0054880245588720
34.751998901367	0.017984610050917	0.0051998463459313
34.768001556396	0.018110454082489	0.0049087405204773
34.784000396729	0.018227281048894	0.0046151918359101
34.799999237061	0.018335059285164	0.0043196878395975
34.816001892090	0.018433781340718	0.0040227109566331
34.832000732422	0.018523477017879	0.0037247436121106
34.847999572754	0.018604205921292	0.0034262635745108
34.863998413086	0.018676048144698	0.0031277399975806
34.880001068115	0.018739117309451	0.0028296345844865
34.895999908447	0.018793553113937	0.0025324001908302
34.911998748779	0.018839521333575	0.0022364777978510
34.928001403809	0.018877217546105	0.0019422945333645
34.944000244141	0.018906854093075	0.0016502641374245
34.959999084473	0.018928676843643	0.0013607840519398
34.976001739502	0.018942946568131	0.0010742343729362
34.992000579834	0.018949950113893	0.00079097715206444
35.007999420166	0.018949996680021	0.00051135424291715
35.023998260498	0.018943408504128	0.00023568683536723
35.040000915527	0.018930530175567	-3.5726017813431e-05
35.055999755859	0.018911724910140	-0.00030260806670412
35.071998596191	0.018887363374233	-0.00056470697745681
35.088001251221	0.018857840448618	-0.00082179502351210
35.104000091553	0.018823554739356	-0.0010736699914560
35.119998931885	0.018784921616316	-0.0013201559195295
35.136001586914	0.018742360174656	-0.0015611028065905
35.152000427246	0.018696300685406	-0.0017963881837204
35.167999267578	0.018647179007530	-0.0020259174052626
35.183998107910	0.018595432862639	-0.0022496199235320
35.200000762939	0.018541505560279	-0.0024674644228071
35.215999603271	0.018485840409994	-0.0026794252917171
35.231998443604	0.018428878858685	-0.0028855320997536
35.248001098633	0.018371056765318	-0.0030858302488923
35.263999938965	0.018312819302082	-0.0032803756184876
35.279998779297	0.018254591152072	-0.0034692792687565
35.296001434326	0.018196796998382	-0.0036526643671095
35.312000274658	0.018139850348234	-0.0038306822534651
35.327999114990	0.018084155395627	-0.0040035122074187
35.344001770020	0.018030108883977	-0.0041713565587997
35.360000610352	0.017978088930249	-0.0043344441801310
35.375999450684	0.017928456887603	-0.0044930260628462
35.391998291016	0.017881566658616	-0.0046473764814436
35.408000946045	0.017837749794126	-0.0047977911308408
35.423999786377	0.017797319218516	-0.0049445885233581
35.439998626709	0.017760565504432	-0.0050881039351225
35.456001281738	0.017727768048644	-0.0052286931313574
35.472000122070	0.017699178308249	-0.0053667295724154
35.487998962402	0.017675021663308	-0.0055026011541486
35.504001617432	0.017655506730080	-0.0056367120705545
35.520000457764	0.017640816047788	-0.0057694790884852
35.535999298096	0.017631102353334	-0.0059013310819864
35.551998138428	0.017626496031880	-0.0060327090322971
35.568000793457	0.017627105116844	-0.0061640604399145
35.583999633789	0.017633002251387	-0.0062958416529000
35.599998474121	0.017644241452217	-0.0064285169355571
35.616001129150	0.017660843208432	-0.0065625514835119
35.631999969482	0.017682803794742	-0.0066984170116484
35.647998809814	0.017710087820888	-0.0068365857005119
35.664001464844	0.017742637544870	-0.0069775287993252
35.680000305176	0.017780359834433	-0.0071217156946659
35.695999145508	0.017823141068220	-0.0072696134448051
35.712001800537	0.017870834097266	-0.0074216858483851
35.728000640869	0.017923269420862	-0.0075783878564835
35.743999481201	0.017980244010687	-0.0077401679009199
35.759998321533	0.018041536211967	-0.0079074651002884
35.776000976562	0.018106896430254	-0.0080807097256184
35.791999816895	0.018176039680839	-0.0082603162154555
35.807998657227	0.018248669803143	-0.0084466887637973
35.824001312256	0.018324460834265	-0.0086402157321572
35.840000152588	0.018403060734272	-0.0088412696495652
35.855998992920	0.018484100699425	-0.0090502062812448
35.872001647949	0.018567183986306	-0.0092673590406775
35.888000488281	0.018651900812984	-0.0094930483028293
35.903999328613	0.018737819045782	-0.0097275711596012
35.919998168945	0.018824486061931	-0.0099711995571852
35.936000823975	0.018911430612206	-0.010224186815321
35.951999664307	0.018998170271516	-0.010486762970686
35.967998504639	0.019084211438894	-0.010759130120277
35.984001159668	0.019169036298990	-0.011041468940675
36.000000000000	0.019252123311162	-0.011333930306137
36.015998840332	0.019332936033607	-0.011636644601822
36.032001495361	0.019410932436585	-0.011949712410569
36.048000335693	0.019485561177135	-0.012273203581572
36.063999176025	0.019556261599064	-0.012607165612280
36.080001831055	0.019622473046184	-0.012951615266502
36.096000671387	0.019683627411723	-0.013306541368365
36.111999511719	0.019739156588912	-0.013671901077032
36.127998352051	0.019788490608335	-0.014047632925212
36.144001007080	0.019831059500575	-0.014433640055358
36.159999847412	0.019866300746799	-0.014829791150987
36.175998687744	0.019893648102880	-0.015235940925777
36.192001342773	0.019912542775273	-0.015651904046535
36.208000183105	0.019922439008951	-0.016077477484941
36.223999023438	0.019922787323594	-0.016512420028448
36.240001678467	0.019913060590625	-0.016956474632025
36.256000518799	0.019892727956176	-0.017409346997738
36.271999359131	0.019861284643412	-0.017870731651783
36.287998199463	0.019818225875497	-0.018340278416872
36.304000854492	0.019763069227338	-0.018817633390427
36.319999694824	0.019695350900292	-0.019302405416965
36.335998535156	0.019614614546299	-0.019794184714556
36.352001190186	0.019520424306393	-0.020292539149523
36.368000030518	0.019412364810705	-0.020797019824386
36.383998870850	0.019290039315820	-0.021307151764631
36.400001525879	0.019153077155352	-0.021822443231940
36.416000366211	0.019001116976142	-0.022342387586832
36.431999206543	0.018833829089999	-0.022866457700729
36.448001861572	0.018650904297829	-0.023394111543894
36.464000701904	0.018452055752277	-0.023924795910716
36.479999542236	0.018237026408315	-0.024457937106490
36.495998382568	0.018005572259426	-0.024992961436510
36.512001037598	0.017757482826710	-0.025529270991683
36.527999877930	0.017492579296231	-0.026066262274981
36.543998718262	0.017210690304637	-0.026603333652020
36.560001373291	0.016911689192057	-0.027139864861965
36.576000213623	0.016595464199781	-0.027675235643983
36.591999053955	0.016261937096715	-0.028208810836077
36.608001708984	0.015911052003503	-0.028739972040057
36.624000549316	0.015542780980468	-0.029268076643348
36.639999389648	0.015157117508352	-0.029792506247759
36.655998229980	0.014754094183445	-0.030312614515424
36.672000885010	0.014333754777908	-0.030827781185508
36.687999725342	0.013896175660193	-0.031337376683950
36.703998565674	0.013441467657685	-0.031840775161982
36.720001220703	0.012969751842320	-0.032337363809347
36.736000061035	0.012481182813644	-0.032826527953148
36.751998901367	0.011975936591625	-0.033307671546936
36.768001556396	0.011454213410616	-0.033780194818974
36.784000396729	0.010916235856712	-0.034243512898684
36.799999237061	0.010362254455686	-0.034697055816650
36.816001892090	0.0097925318405032	-0.035140261054039
36.832000732422	0.0092073604464531	-0.035572573542595
36.847999572754	0.0086070541292429	-0.035993464291096
36.863998413086	0.0079919351264834	-0.036402411758900
36.880001068115	0.0073623573407531	-0.036798905581236
36.895999908447	0.0067186853848398	-0.037182454019785
36.911998748779	0.0060613024979830	-0.037552587687969
36.928001403809	0.0053906049579382	-0.037908852100372
36.944000244141	0.0047070113942027	-0.038250796496868
36.959999084473	0.0040109576657414	-0.038578007370234
36.976001739502	0.0033028679899871	-0.038890082389116
36.992000579834	0.0025832131505013	-0.039186630398035
37.007999420166	0.0018524543847889	-0.039467293769121
37.023998260498	0.0011110615450889	-0.039731733500957
37.040000915527	0.00035953146289103	-0.039979610592127
37.055999755859	-0.00040165602695197	-0.040210623294115
37.071998596191	-0.0011719868052751	-0.040424499660730
37.088001251221	-0.0019509561825544	-0.040620956569910
37.104000091553	-0.0027380657847971	-0.040799759328365
37.119998931885	-0.0035327803343534	-0.040960680693388
37.136001586914	-0.0043345876038074	-0.041103519499302
37.152000427246	-0.0051429644227028	-0.041228085756302
37.167999267578	-0.0059573887847364	-0.041334223002195
37.183998107910	-0.0067773275077343	-0.041421774774790
37.200000762939	-0.0076022734865546	-0.041490621864796
37.215999603271	-0.0084316832944751	-0.041540656238794
37.231998443604	-0.0092650456354022	-0.041571788489819
37.248001098633	-0.010101842693985	-0.041583947837353
37.263999938965	-0.010941558517516	-0.041577082127333
37.279998779297	-0.011783682741225	-0.041551150381565
37.296001434326	-0.012627708725631	-0.041506141424179
37.312000274658	-0.013473134487867	-0.041442047804594
37.327999114990	-0.014319464564323	-0.041358876973391
37.344001770020	-0.015166209079325	-0.041256666183472
37.360000610352	-0.016012899577618	-0.041135448962450
37.375999450684	-0.016859050840139	-0.040995284914970
37.391998291016	-0.017704203724861	-0.040836244821548
37.408000946045	-0.018547900021076	-0.040658403187990
37.423999786377	-0.019389698281884	-0.040461853146553
37.439998626709	-0.020229151472449	-0.040246699005365
37.456001281738	-0.021065831184387	-0.040013063699007
37.472000122070	-0.021899327635765	-0.039761055260897
37.487998962402	-0.022729227319360	-0.039490818977356
37.504001617432	-0.023555127903819	-0.039202488958836
37.520000457764	-0.024376641958952	-0.038896214216948
37.535999298096	-0.025193380191922	-0.038572154939175
37.551998138428	-0.026004992425442	-0.038230460137129
37.568000793457	-0.026811111718416	-0.037871308624744
37.583999633789	-0.027611376717687	-0.037494864314795
37.599998474121	-0.028405465185642	-0.037101309746504
37.616001129150	-0.029193032532930	-0.036690820008516
37.631999969482	-0.029973767697811	-0.036263581365347
37.647998809814	-0.030747352167964	-0.035819776356220
37.664001464844	-0.031513482332230	-0.035359591245651
37.680000305176	-0.032271858304739	-0.034883227199316
37.695999145508	-0.033022224903107	-0.034390844404697
37.712001800537	-0.033764265477657	-0.033882658928633
37.728000640869	-0.034497722983360	-0.033358860760927
37.743999481201	-0.035222332924604	-0.032819632440805
37.759998321533	-0.035937845706940	-0.032265152782202
37.776000976562	-0.036643996834755	-0.031695626676083
37.791999816895	-0.037340547889471	-0.031111242249608
37.807998657227	-0.038027253001928	-0.030512176454067
37.824001312256	-0.038703884929419	-0.029898615553975
37.840000152588	-0.039370212703943	-0.029270734637976
37.855998992920	-0.040026001632214	-0.028628725558519
37.872001647949	-0.040671020746231	-0.027972772717476
37.888000488281	-0.041305053979158	-0.027303045615554
37.903999328613	-0.041927907615900	-0.026619682088494
37.919998168945	-0.042539313435555	-0.025922929868102
37.936000823975	-0.043139073997736	-0.025212923064828
37.951999664307	-0.043726999312639	-0.024489795789123
37.967998504639	-0.044302850961685	-0.023753743618727
37.984001159668	-0.044866405427456	-0.023004954680800
38.000000000000	-0.045417454093695	-0.022243583574891
38.015998840332	-0.045955803245306	-0.021469723433256
38.032001495361	-0.046481177210808	-0.020683662965894
38.048000335693	-0.046993408352137	-0.019885454326868
38.063999176025	-0.047492247074842	-0.019075307995081
38.080001831055	-0.047977477312088	-0.018253378570080
38.096000671387	-0.048448856920004	-0.017419835552573
38.111999511719	-0.048906166106462	-0.016574829816818
38.127998352051	-0.049349147826433	-0.015718558803201
38.144001007080	-0.049777593463659	-0.014851136133075
38.159999847412	-0.050191231071949	-0.013972796499729
38.175998687744	-0.050589833408594	-0.013083647005260
38.192001342773	-0.050973132252693	-0.012183941900730
38.208000183105	-0.051340889185667	-0.011273768730462
38.223999023438	-0.051692824810743	-0.010353403165936
38.240001678467	-0.052028685808182	-0.0094229802489281
38.256000518799	-0.052348200231791	-0.0084827467799187
38.271999359131	-0.052651099860668	-0.0075328615494072
38.287998199463	-0.052937105298042	-0.0065735471434891
38.304000854492	-0.053205937147141	-0.0056050349958241
38.319999694824	-0.053457304835320	-0.0046275388449430
38.335998535156	-0.053690932691097	-0.0036413171328604
38.352001190186	-0.053906515240669	-0.0026466238778085
38.368000030518	-0.054103773087263	-0.0016436451114714
38.383998870850	-0.054282408207655	-0.00063272920669988
38.400001525879	-0.054442118853331	0.00038588102324866
38.416000366211	-0.054582610726357	0.0014119207626209
38.431999206543	-0.054703582078218	0.0024450500495732
38.448001861572	-0.054804727435112	0.0034849564544857
38.464000701904	-0.054885759949684	0.0045313048176467
38.479999542236	-0.054946370422840	0.0055838134139776
38.495998382568	-0.054986264556646	0.0066420831717551
38.512001037598	-0.055005144327879	0.0077057573944330
38.527999877930	-0.055002726614475	0.0087744398042560
38.543998718262	-0.054978705942631	0.0098477732390165
38.560001373291	-0.054932802915573	0.010925285518169
38.576000213623	-0.054864749312401	0.012006579898298
38.591999053955	-0.054774243384600	0.013091277331114
38.608001708984	-0.054661042988300	0.014178810641170
38.624000549316	-0.054524879902601	0.015268773771822
38.639999389648	-0.054365493357182	0.016360664740205
38.655998229980	-0.054182648658752	0.017453987151384
38.672000885010	-0.053976114839315	0.018548199906945
38.687999725342	-0.053745657205582	0.019642805680633
38.703998565674	-0.053491067141294	0.020737236365676
38.720001220703	-0.053212147206068	0.021830931305885
38.736000061035	-0.052908726036549	0.022923287004232
38.751998901367	-0.052580606192350	0.024013753980398
38.768001556396	-0.052227661013603	0.025101682171226
38.784000396729	-0.051849715411663	0.026186522096395
38.799999237061	-0.051446668803692	0.027267571538687
38.816001892090	-0.051018424332142	0.028344189748168
38.832000732422	-0.050564877688885	0.029415747150779
38.847999572754	-0.050085969269276	0.030481560155749
38.863998413086	-0.049581620842218	0.031540989875793
38.880001068115	-0.049051847308874	0.032593291252851
38.895999908447	-0.048496641218662	0.033637765794992
38.911998748779	-0.047915976494551	0.034673754125834
38.928001403809	-0.047309946268797	0.035700481384993
38.944000244141	-0.046678565442562	0.036717288196087
38.959999084473	-0.046021945774555	0.037723395973444
38.976001739502	-0.045340195298195	0.038718082010746
38.992000579834	-0.044633455574512	0.039700619876385
39.007999420166	-0.043901856988668	0.040670279413462
39.023998260498	-0.043145656585693	0.041626252233982
39.040000915527	-0.042364984750748	0.042567878961563
39.055999755859	-0.041560143232346	0.043494358658791
39.071998596191	-0.040731362998486	0.044404972344637
39.088001251221	-0.039878953248262	0.045298978686333
39.104000091553	-0.039003249257803	0.046175625175238
39.119998931885	-0.038104578852654	0.047034185379744
39.136001586914	-0.037183344364166	0.047873921692371
39.152000427246	-0.036239903420210	0.048694148659706
39.167999267578	-0.035274744033813	0.049494110047817
39.183998107910	-0.034288287162781	0.050273127853870
39.200000762939	-0.033281054347754	0.051030486822128
39.215999603271	-0.032253529876471	0.051765531301498
39.231998443604	-0.031206276267767	0.052477568387985
39.248001098633	-0.030139822512865	0.053165972232819
39.263999938965	-0.029054770246148	0.053830098360777
39.279998779297	-0.027951790019870	0.054469291120768
39.296001434326	-0.026831483468413	0.055082965642214
39.312000274658	-0.025694495067000	0.055670555680990
39.327999114990	-0.024541568011045	0.056231461465359
39.344001770020	-0.023373426869512	0.056765139102936
39.360000610352	-0.022190749645233	0.057271085679531
39.375999450684	-0.020994301885366	0.057748805731535
39.391998291016	-0.019784912467003	0.058197788894176
39.408000946045	-0.018563354387879	0.058617606759071
39.423999786377	-0.017330439761281	0.059007827192545
39.439998626709	-0.016087040305138	0.059368044137955
39.456001281738	-0.014833968132734	0.059697903692722
39.472000122070	-0.013572120107710	0.059997040778399
39.487998962402	-0.012302376329899	0.060265164822340
39.504001617432	-0.011025629937649	0.060501974076033
39.520000457764	-0.0097428103908896	0.060707230120897
39.535999298096	-0.0084548052400351	0.060880694538355
39.551998138428	-0.0071625369600952	0.061022199690342
39.568000793457	-0.0058670551516116	0.061131563037634
39.583999633789	-0.0045692105777562	0.061208676546812
39.599998474121	-0.0032700062729418	0.061253450810909
39.616001129150	-0.0019703321158886	0.061265815049410
39.631999969482	-0.00067125668283552	0.061245754361153
39.647998809814	0.00062632560729980	0.061193279922009
39.664001464844	0.0019214324420318	0.061108440160751
39.680000305176	0.0032130531035364	0.060991294682026
39.695999145508	0.0045002973638475	0.060841977596283
39.712001800537	0.0057821320369840	0.060660630464554
39.728000640869	0.0070576458238065	0.060447432100773
39.743999481201	0.0083258477970958	0.060202602297068
39.759998321533	0.0095858136191964	0.059926390647888
39.776000976562	0.010836628265679	0.059619076550007
39.791999816895	0.012077354826033	0.059280972927809
39.807998657227	0.013307075947523	0.058912441134453
39.824001312256	0.014524882659316	0.058513857424259
39.840000152588	0.015729883685708	0.058085639029741
39.855998992920	0.016921255737543	0.057628218084574
39.872001647949	0.018098086118698	0.057142086327076
39.888000488281	0.019259538501501	0.056627754122019
39.903999328613	0.020404869690537	0.056085728108883
39.919998168945	0.021533202379942	0.055516600608826
39.936000823975	0.022643813863397	0.054920949041843
39.951999664307	0.023735977709293	0.054299369454384
39.967998504639	0.024808881804347	0.053652547299862
39.984001159668	0.025861853733659	0.052981138229370
40.000000000000	0.026894291862845	0.052285794168711
40.015998840332	0.027905441820621	0.051567282527685
40.032001495361	0.028894737362862	0.050826307386160
40.048000335693	0.029861582443118	0.050063624978065
40.063999176025	0.030805388465524	0.049280025064945
40.080001831055	0.031725645065308	0.048476282507181
40.096000671387	0.032621875405312	0.047653183341026
40.111999511719	0.033493541181087	0.046811599284410
40.127998352051	0.034340225160122	0.045952349901199
40.144001007080	0.035161521285772	0.045076284557581
40.159999847412	0.035957075655460	0.044184237718582
40.175998687744	0.036726508289576	0.043277114629745
40.192001342773	0.037469550967216	0.042355757206678
40.208000183105	0.038185872137547	0.041421093046665
40.223999023438	0.038875270634890	0.040473986417055
40.240001678467	0.039537526667118	0.039515335112810
40.256000518799	0.040172439068556	0.038546051830053
40.271999359131	0.040779896080494	0.037567015737295
40.287998199463	0.041359774768353	0.036579139530659
40.304000854492	0.041912022978067	0.035583291202784
40.319999694824	0.042436581104994	0.034580390900373
40.335998535156	0.042933426797390	0.033571328967810
40.352001190186	0.043402578681707	0.032557010650635
40.368000030518	0.043844126164913	0.031538270413876
40.383998870850	0.044258143752813	0.030515991151333
40.400001525879	0.044644720852375	0.029491065070033
40.416000366211	0.045004047453403	0.028464298695326
40.431999206543	0.045336276292801	0.027436560019851
40.448001861572	0.045641634613276	0.026408649981022
40.464000701904	0.045920357108116	0.025381373241544
40.479999542236	0.046172682195902	0.024355581030250
40.495998382568	0.046398922801018	0.023332005366683
40.512001037598	0.046599414199591	0.022311376407743
40.527999877930	0.046774450689554	0.021294545382261
40.543998718262	0.046924453228712	0.020282119512558
40.560001373291	0.047049786895514	0.019274864345789
40.576000213623	0.047150876373053	0.018273433670402
40.591999053955	0.047228142619133	0.017278505489230
40.608001708984	0.047282047569752	0.016290722414851
40.624000549316	0.047313064336777	0.015310687012970
40.639999389648	0.047321703284979	0.014338974840939
40.655998229980	0.047308444976807	0.013376191258430
40.672000885010	0.047273825854063	0.012422855943441
40.687999725342	0.047218400985003	0.011479442939162
40.703998565674	0.047142699360847	0.010546512901783
40.720001220703	0.047047298401594	0.0096245110034943
40.736000061035	0.046932771801949	0.0087138107046485
40.751998901367	0.046799708157778	0.0078149000182748
40.768001556396	0.046648688614368	0.0069281486794353
40.784000396729	0.046480331569910	0.0060538547113538
40.799999237061	0.046295229345560	0.0051924064755440
40.816001892090	0.046094004064798	0.0043440768495202
40.832000732422	0.045877262949944	0.0035091347526759
40.847999572754	0.045645624399185	0.0026878702919930
40.863998413086	0.045399703085423	0.0018804821884260
40.880001068115	0.045140128582716	0.0010871028061956
40.895999908447	0.044867500662804	0.00030801349203102
40.911998748779	0.044582445174456	-0.00045676407171413
40.928001403809	0.044285573065281	-0.0012070379452780
40.944000244141	0.043977484107018	-0.0019427236402407
40.959999084473	0.043658781796694	-0.0026637795381248
40.976001739502	0.043330058455467	-0.0033701420761645
40.992000579834	0.042991902679205	-0.0040618306957185
41.007999420166	0.042644884437323	-0.0047388016246259
41.023998260498	0.042289577424526	-0.0054011107422411
41.040000915527	0.041926544159651	-0.0060487943701446
41.055999755859	0.041556313633919	-0.0066819405183196
41.071998596191	0.041179433465004	-0.0073006190359592
41.088001251221	0.040796417742968	-0.0079049905762076
41.104000091553	0.040407773107290	-0.0084951138123870
41.119998931885	0.040013995021582	-0.0090711768716574
41.136001586914	0.039615564048290	-0.0096333231776953
41.152000427246	0.039212923496962	-0.010181764140725
41.167999267578	0.038806546479464	-0.010716649703681
41.183998107910	0.038396839052439	-0.011238226667047
41.200000762939	0.037984218448400	-0.011746715754271
41.215999603271	0.037569090723991	-0.012242313474417
41.231998443604	0.037151824682951	-0.012725309468806
41.248001098633	0.036732774227858	-0.013195943087339
41.263999938965	0.036312285810709	-0.013654481619596
41.279998779297	0.035890687257051	-0.014101174660027
41.296001434326	0.035468265414238	-0.014536345377564
41.312000274658	0.035045322030783	-0.014960251748562
41.327999114990	0.034622106701136	-0.015373201109469
41.344001770020	0.034198869019747	-0.015775499865413
41.360000610352	0.033775847405195	-0.016167426481843
41.375999450684	0.033353246748447	-0.016549285501242
41.391998291016	0.032931260764599	-0.016921397298574
41.408000946045	0.032510045915842	-0.017284080386162
41.423999786377	0.032089773565531	-0.017637612298131
41.439998626709	0.031670577824116	-0.017982304096222
41.456001281738	0.031252562999725	-0.018318470567465
41.472000122070	0.030835859477520	-0.018646385520697
41.487998962402	0.030420524999499	-0.018966378644109
41.504001617432	0.030006635934114	-0.019278734922409
41.520000457764	0.029594268649817	-0.019583705812693
41.535999298096	0.029183408245444	-0.019881637766957
41.551998138428	0.028774131089449	-0.020172741264105
41.568000793457	0.028366422280669	-0.020457305014133
41.583999633789	0.027960274368525	-0.020735599100590
41.599998474121	0.027555661275983	-0.021007888019085
41.616001129150	0.027152584865689	-0.021274361759424
41.631999969482	0.026750976219773	-0.021535288542509
41.647998809814	0.026350775733590	-0.021790899336338
41.664001464844	0.025951936841011	-0.022041380405426
41.680000305176	0.025554371997714	-0.022286957129836
41.695999145508	0.025158004835248	-0.022527810186148
41.712001800537	0.024762744084001	-0.022764112800360
41.728000640869	0.024368498474360	-0.022996021434665
41.743999481201	0.023975146934390	-0.023223714902997
41.759998321533	0.023582592606544	-0.023447321727872
41.776000976562	0.023190706968307	-0.023666976019740
41.791999816895	0.022799383848906	-0.023882785812020
41.807998657227	0.022408476099372	-0.024094879627228
41.824001312256	0.022017875686288	-0.024303328245878
41.840000152588	0.021627422422171	-0.024508237838745
41.855998992920	0.021237028762698	-0.024709636345506
41.872001647949	0.020846543833613	-0.024907601997256
41.888000488281	0.020455818623304	-0.025102183222771
41.903999328613	0.020064737647772	-0.025293402373791
41.919998168945	0.019673179835081	-0.025481276214123
41.936000823975	0.019280986860394	-0.025665821507573
41.951999664307	0.018888058140874	-0.025847028940916
41.967998504639	0.018494255840778	-0.026024885475636
41.984001159668	0.018099453300238	-0.026199378073215
42.000000000000	0.017703570425510	-0.026370441541076
42.015998840332	0.017306471243501	-0.026538051664829
42.032001495361	0.016908051446080	-0.026702148839831
42.048000335693	0.016508221626282	-0.026862666010857
42.063999176025	0.016106909140944	-0.027019521221519
42.080001831055	0.015703972429037	-0.027172660455108
42.096000671387	0.015299374237657	-0.027321971952915
42.111999511719	0.014893054030836	-0.027467362582684
42.127998352051	0.014484921470284	-0.027608735486865
42.144001007080	0.014074952341616	-0.027745971456170
42.159999847412	0.013663069345057	-0.027878969907761
42.175998687744	0.013249270617962	-0.028007598593831
42.192001342773	0.012833515182137	-0.028131734579802
42.208000183105	0.012415786273777	-0.028251258656383
42.223999023438	0.011996068991721	-0.028366036713123
42.240001678467	0.011574371717870	-0.028475934639573
42.256000518799	0.011150718666613	-0.028580814599991
42.271999359131	0.010725104250014	-0.028680546209216
42.287998199463	0.010297563858330	-0.028774989768863
42.304000854492	0.0098681738600135	-0.028863998129964
42.319999694824	0.0094369584694505	-0.028947444632649
42.335998535156	0.0090039754286408	-0.029025189578533
42.352001190186	0.0085692787542939	-0.029097104445100
42.368000030518	0.0081329783424735	-0.029163045808673
42.383998870850	0.0076951561495662	-0.029222888872027
42.400001525879	0.0072559081017971	-0.029276501387358
42.416000366211	0.0068153264001012	-0.029323769733310
42.431999206543	0.0063735358417034	-0.029364569112659
42.448001861572	0.0059306663461030	-0.029398782178760
42.464000701904	0.0054868268780410	-0.029426308348775
42.479999542236	0.0050421725027263	-0.029447035863996
42.495998382568	0.0045968363992870	-0.029460869729519
42.512001037598	0.0041509848088026	-0.029467720538378
42.527999877930	0.0037047734949738	-0.029467498883605
42.543998718262	0.0032583491411060	-0.029460130259395
42.560001373291	0.0028118910267949	-0.029445543885231
42.576000213623	0.0023655812256038	-0.029423676431179
42.591999053955	0.0019195916829631	-0.029394473880529
42.608001708984	0.0014740967890248	-0.029357889667153
42.624000549316	0.0010293017840013	-0.029313886538148
42.639999389648	0.00058538606390357	-0.029262432828546
42.655998229980	0.00014254474081099	-0.029203508049250
42.672000885010	-0.00029903955874033	-0.029137102887034
42.687999725342	-0.00073914154199883	-0.029063211753964
42.703998565674	-0.0011775774182752	-0.028981840237975
42.720001220703	-0.0016141486121342	-0.028893005102873
42.736000061035	-0.0020486854482442	-0.028796730563045
42.751998901367	-0.0024809490423650	-0.028693046420813
42.768001556396	-0.0029107569716871	-0.028581997379661
42.784000396729	-0.0033379010856152	-0.028463635593653
42.799999237061	-0.0037622165400535	-0.028338016942143
42.816001892090	-0.0041834847070277	-0.028205212205648
42.832000732422	-0.0046015325933695	-0.028065295889974
42.847999572754	-0.0050161615945399	-0.027918357402086
42.863998413086	-0.0054271905682981	-0.027764486148953
42.880001068115	-0.0058344420976937	-0.027603784576058
42.895999908447	-0.0062377434223890	-0.027436366304755
42.911998748779	-0.0066369250416756	-0.027262341231108
42.928001403809	-0.0070318481884897	-0.027081824839115
42.944000244141	-0.0074223033152521	-0.026894966140389
42.959999084473	-0.0078081875108182	-0.026701884344220
42.976001739502	-0.0081893270835280	-0.026502732187510
42.992000579834	-0.0085655776783824	-0.026297653093934
43.007999420166	-0.0089368065819144	-0.026086810976267
43.023998260498	-0.0093029560521245	-0.025870334357023
43.040000915527	-0.0096638025715947	-0.025648422539234
43.055999755859	-0.010019328445196	-0.025421211495996
43.071998596191	-0.010369348339736	-0.025188898667693
43.088001251221	-0.010713831521571	-0.024951636791229
43.104000091553	-0.011052681133151	-0.024709604680538
43.119998931885	-0.011385759338737	-0.024463009089231
43.136001586914	-0.011713076382875	-0.024211989715695
43.152000427246	-0.012034509330988	-0.023956758901477
43.167999267578	-0.012350035831332	-0.023697486147285
43.183998107910	-0.012659614905715	-0.023434350267053
43.200000762939	-0.012963190674782	-0.023167543113232
43.215999603271	-0.013260760344565	-0.022897237911820
43.231998443604	-0.013552235439420	-0.022623650729656
43.248001098633	-0.013837671838701	-0.022346930578351
43.263999938965	-0.014117034152150	-0.022067265585065
43.279998779297	-0.014390347525477	-0.021784825250506
43.296001434326	-0.014657591469586	-0.021499797701836
43.312000274658	-0.014918798580766	-0.021212352439761
43.327999114990	-0.015174005180597	-0.020922647789121
43.344001770020	-0.015423210337758	-0.020630871877074
43.360000610352	-0.015666479244828	-0.020337164402008
43.375999450684	-0.015903843566775	-0.020041696727276
43.391998291016	-0.016135336831212	-0.019744629040360
43.408000946045	-0.016361039131880	-0.019446099177003
43.423999786377	-0.016581045463681	-0.019146211445332
43.439998626709	-0.016795348376036	-0.018845174461603
43.456001281738	-0.017004055902362	-0.018543086946011
43.472000122070	-0.017207251861691	-0.018240066245198
43.487998962402	-0.017405010759830	-0.017936237156391
43.504001617432	-0.017597408965230	-0.017631720751524
43.520000457764	-0.017784522846341	-0.017326638102531
43.535999298096	-0.017966480925679	-0.017021048814058
43.551998138428	-0.018143344670534	-0.016715077683330
43.568000793457	-0.018315212801099	-0.016408810392022
43.583999633789	-0.018482180312276	-0.016102328896523
43.599998474121	-0.018644358962774	-0.015795692801476
43.616001129150	-0.018801843747497	-0.015488970093429
43.631999969482	-0.018954703584313	-0.015182265080512
43.647998809814	-0.019103085622191	-0.014875564724207
43.664001464844	-0.019247056916356	-0.014568962156773
43.680000305176	-0.019386718049645	-0.014262489043176
43.695999145508	-0.019522188231349	-0.013956154696643
43.712001800537	-0.019653540104628	-0.013650021515787
43.728000640869	-0.019780881702900	-0.013344085775316
43.743999481201	-0.019904304295778	-0.013038364239037
43.759998321533	-0.020023876801133	-0.012732899747789
43.776000976562	-0.020139707252383	-0.012427659705281
43.791999816895	-0.020251877605915	-0.012122646905482
43.807998657227	-0.020360467955470	-0.011817853897810
43.824001312256	-0.020465549081564	-0.011513276025653
43.840000152588	-0.020567171275616	-0.011208940297365
43.855998992920	-0.020665474236012	-0.010904693976045
43.872001647949	-0.020760441198945	-0.010600656270981
43.888000488281	-0.020852157846093	-0.010296748019755
43.903999328613	-0.020940700545907	-0.0099929040297866
43.919998168945	-0.021026095375419	-0.0096891196444631
43.936000823975	-0.021108394488692	-0.0093853417783976
43.951999664307	-0.021187631413341	-0.0090815415605903
43.967998504639	-0.021263843402267	-0.0087776659056544
43.984001159668	-0.021337050944567	-0.0084736775606871
44.000000000000	-0.021407281979918	-0.0081695215776563
44.015998840332	-0.021474538370967	-0.0078651793301105
44.032001495361	-0.021538849920034	-0.0075605511665344
44.048000335693	-0.021600207313895	-0.0072556175291538
44.063999176025	-0.021658616140485	-0.0069503192789853
44.080001831055	-0.021714063361287	-0.0066446159034967
44.096000671387	-0.021766517311335	-0.0063385074026883
44.111999511719	-0.021815989166498	-0.0060318727046251
44.127998352051	-0.021862439811230	-0.0057246913202107
44.144001007080	-0.021905835717916	-0.0054169478826225
44.159999847412	-0.021946156397462	-0.0051085422746837
44.175998687744	-0.021983334794641	-0.0047995205968618
44.192001342773	-0.022017342969775	-0.0044897855259478
44.208000183105	-0.022048123180866	-0.0041793473064899
44.223999023438	-0.022075626999140	-0.0038681325968355
44.240001678467	-0.022099787369370	-0.0035561549011618
44.256000518799	-0.022120542824268	-0.0032433669548482
44.271999359131	-0.022137828171253	-0.0029297661967576
44.287998199463	-0.022151563316584	-0.0026153526268899
44.304000854492	-0.022161679342389	-0.0023001297377050
44.319999694824	-0.022168098017573	-0.0019840619061142
44.335998535156	-0.022170735523105	-0.0016671584453434
44.352001190186	-0.022169511765242	-0.0013494753511623
44.368000030518	-0.022164339199662	-0.0010309867793694
44.383998870850	-0.022155134007335	-0.00071169243892655
44.400001525879	-0.022141803056002	-0.00039168001967482
44.416000366211	-0.022124256938696	-7.0935682742856e-05
44.431999206543	-0.022102409973741	0.00025048706447706
44.448001861572	-0.022076167166233	0.00057253066916019
44.464000701904	-0.022045439109206	0.00089515448780730
44.479999542236	-0.022010140120983	0.0012182508362457
44.495998382568	-0.021970173344016	0.0015418545808643
44.512001037598	-0.021925453096628	0.0018658493645489
44.527999877930	-0.021875895559788	0.0021901153959334
44.543998718262	-0.021821411326528	0.0025146326515824
44.560001373291	-0.021761916577816	0.0028393140528351
44.576000213623	-0.021697338670492	0.0031639866065234
44.591999053955	-0.021627593785524	0.0034886382054538
44.608001708984	-0.021552611142397	0.0038131084293127
44.624000549316	-0.021472314372659	0.0041373162530363
44.639999389648	-0.021386643871665	0.0044611343182623
44.655998229980	-0.021295530721545	0.0047844536602497
44.672000885010	-0.021198915317655	0.0051071410998702
44.687999725342	-0.021096756681800	0.0054290406405926
44.703998565674	-0.020988997071981	0.0057500335387886
44.720001220703	-0.020875586196780	0.0060700168833137
44.736000061035	-0.020756503567100	0.0063887876458466
44.751998901367	-0.020631704479456	0.0067062396556139
44.768001556396	-0.020501160994172	0.0070222225040197
44.784000396729	-0.020364861935377	0.0073365662246943
44.799999237061	-0.020222790539265	0.0076491204090416
44.816001892090	-0.020074930042028	0.0079597495496273
44.832000732422	-0.019921302795410	0.0082682427018881
44.847999572754	-0.019761884585023	0.0085745006799698
44.863998413086	-0.019596721976995	0.0088782943785191
44.880001068115	-0.019425801932812	0.0091795222833753
44.895999908447	-0.019249159842730	0.0094780120998621
44.911998748779	-0.019066849723458	0.0097735514864326
44.928001403809	-0.018878880888224	0.010066042654216
44.944000244141	-0.018685329705477	0.010355257429183
44.959999084473	-0.018486239016056	0.010641063563526
44.976001739502	-0.018281649798155	0.010923326946795
44.992000579834	-0.018071658909321	0.011201847344637
45.007999420166	-0.017856331542134	0.011476477608085
45.023998260498	-0.017635721713305	0.011747107841074
45.040000915527	-0.017409974709153	0.012013494037092
45.055999755859	-0.017179118469357	0.012275582179427
45.071998596191	-0.016943318769336	0.012533139437437
45.088001251221	-0.016702637076378	0.012786083854735
45.104000091553	-0.016457188874483	0.013034268282354
45.119998931885	-0.016207132488489	0.013277511112392
45.136001586914	-0.015952529385686	0.013515750877559
45.152000427246	-0.015693554654717	0.013748811557889
45.167999267578	-0.015430316329002	0.013976600021124
45.183998107910	-0.015162970870733	0.014198983088136
45.200000762939	-0.014891665428877	0.014415843412280
45.215999603271	-0.014616521075368	0.014627100899816
45.231998443604	-0.014337697997689	0.014832654967904
45.248001098633	-0.014055348932743	0.015032405033708
45.263999938965	-0.013769652694464	0.015226245857775
45.279998779297	-0.013480748981237	0.015414120629430
45.296001434326	-0.013188803568482	0.015595949254930
45.312000274658	-0.012894002720714	0.015771646052599
45.327999114990	-0.012596493586898	0.015941170975566
45.344001770020	-0.012296431697905	0.016104474663734
45.360000610352	-0.011994011700153	0.016261490061879
45.375999450684	-0.011689397506416	0.016412183642387
45.391998291016	-0.011382772587240	0.016556514427066
45.408000946045	-0.011074297130108	0.016694458201528
45.423999786377	-0.010764140635729	0.016825998201966
45.439998626709	-0.010452468879521	0.016951119527221
45.456001281738	-0.010139494203031	0.017069794237614
45.472000122070	-0.0098253376781940	0.017182046547532
45.487998962402	-0.0095101939514279	0.017287865281105
45.504001617432	-0.0091942111030221	0.017387272790074
45.520000457764	-0.0088776051998138	0.017480257898569
45.535999298096	-0.0085604833438993	0.017566870898008
45.551998138428	-0.0082430271431804	0.017647132277489
45.568000793457	-0.0079254088923335	0.017721068114042
45.583999633789	-0.0076077529229224	0.017788732424378
45.599998474121	-0.0072902641259134	0.017850141972303
45.616001129150	-0.0069730430841446	0.017905373126268
45.631999969482	-0.0066562574356794	0.017954466864467
45.647998809814	-0.0063400352373719	0.017997484654188
45.664001464844	-0.0060245390050113	0.018034486100078
45.680000305176	-0.0057098912075162	0.018065536394715
45.695999145508	-0.0053962124511600	0.018090710043907
45.712001800537	-0.0050836550071836	0.018110075965524
45.728000640869	-0.0047722980380058	0.018123719841242
45.743999481201	-0.0044623045250773	0.018131708726287
45.759998321533	-0.0041537629440427	0.018134130164981
45.776000976562	-0.0038467785343528	0.018131077289581
45.791999816895	-0.0035414670128375	0.018122622743249
45.807998657227	-0.0032379080075771	0.018108867108822
45.824001312256	-0.0029362116474658	0.018089894205332
45.840000152588	-0.0026364673394710	0.018065797165036
45.855998992920	-0.0023387607652694	0.018036667257547
45.872001647949	-0.0020431571174413	0.018002599477768
45.888000488281	-0.0017497173976153	0.017963686957955
45.903999328613	-0.0014585523167625	0.017920026555657
45.919998168945	-0.0011697157751769	0.017871703952551
45.936000823975	-0.00088324322132394	0.017818821594119
45.951999664307	-0.00059921713545918	0.017761468887329
45.967998504639	-0.00031768306507729	0.017699737101793
45.984001159668	-3.8700694858562e-05	0.017633721232414
46.000000000000	0.00023770677216817	0.017563508823514
46.015998840332	0.00051148515194654	0.017489189282060
46.032001495361	0.00078258290886879	0.017410848289728
46.048000335693	0.0010509842541069	0.017328577116132
46.063999176025	0.0013166588032618	0.017242453992367
46.080001831055	0.0015795454382896	0.017152564600110
46.096000671387	0.0018396670930088	0.017058987170458
46.111999511719	0.0020969666074961	0.016961801797152
46.127998352051	0.0023514369968325	0.016861081123352
46.144001007080	0.0026030405424535	0.016756901517510
46.159999847412	0.0028517891187221	0.016649330034852
46.175998687744	0.0030976315028965	0.016538441181183
46.192001342773	0.0033405818976462	0.016424294561148
46.208000183105	0.0035806060768664	0.016306959092617
46.223999023438	0.0038177033420652	0.016186490654945
46.240001678467	0.0040518720634282	0.016062946990132
46.256000518799	0.0042830817401409	0.015936391428113
46.271999359131	0.0045113316737115	0.015806874260306
46.287998199463	0.0047365748323500	0.015674453228712
46.304000854492	0.0049588563852012	0.015539165586233
46.319999694824	0.0051781446672976	0.015401063486934
46.335998535156	0.0053944080136716	0.015260197222233
46.352001190186	0.0056076450273395	0.015116607770324
46.368000030518	0.0058178380131721	0.014970339834690
46.383998870850	0.0060249823145568	0.014821426942945
46.400001525879	0.0062290742062032	0.014669904485345
46.416000366211	0.0064300512894988	0.014515829272568
46.431999206543	0.0066279205493629	0.014359224587679
46.448001861572	0.0068226759321988	0.014200123958290
46.464000701904	0.0070142783224583	0.014038564637303
46.479999542236	0.0072026932612062	0.013874590396881
46.495998382568	0.0073879095725715	0.013708230108023
46.512001037598	0.0075699132867157	0.013539505191147
46.527999877930	0.0077486406080425	0.013368474319577
46.543998718262	0.0079240882769227	0.013195152394474
46.560001373291	0.0080962171778083	0.013019581325352
46.576000213623	0.0082649709656835	0.012841810472310
46.591999053955	0.0084303328767419	0.012661864049733
46.608001708984	0.0085922610014677	0.012479784898460
46.624000549316	0.0087507208809257	0.012295606546104
46.639999389648	0.0089056482538581	0.012109390459955
46.655998229980	0.0090570198372006	0.011921162717044
46.672000885010	0.0092048030346632	0.011730962432921
46.687999725342	0.0093489196151495	0.011538863182068
46.703998565674	0.0094893369823694	0.011344905011356
46.720001220703	0.0096259992569685	0.011149147525430
46.736000061035	0.0097588747739792	0.010951634496450
46.751998901367	0.0098879076540470	0.010752429254353
46.768001556396	0.010013037361205	0.010551606304944
46.784000396729	0.010134221054614	0.010349225252867
46.799999237061	0.010251409374177	0.010145355947316
46.816001892090	0.010364554822445	0.0099400719627738
46.832000732422	0.010473590344191	0.0097334664314985
46.847999572754	0.010578501038253	0.0095255877822638
46.863998413086	0.010679226368666	0.0093165356665850
46.880001068115	0.010775706730783	0.0091064115986228
46.895999908447	0.010867907665670	0.0088953012600541
46.911998748779	0.010955803096294	0.0086832800880075
46.928001403809	0.011039329692721	0.0084704793989658
46.944000244141	0.011118452996016	0.0082569997757673
46.959999084473	0.011193164624274	0.0080429138615727
46.976001739502	0.011263405904174	0.0078283706679940
46.992000579834	0.011329163797200	0.0076134656555951
47.007999420166	0.011390413157642	0.0073983217589557
47.023998260498	0.011447133496404	0.0071830591186881
47.040000915527	0.011499303393066	0.0069678113795817
47.055999755859	0.011546921916306	0.0067526949569583
47.071998596191	0.011589984409511	0.0065378337167203
47.088001251221	0.011628481559455	0.0063233766704798
47.104000091553	0.011662422679365	0.0061094518750906
47.119998931885	0.011691822670400	0.0058961859904230
47.136001586914	0.011716697365046	0.0056837182492018
47.152000427246	0.011737066321075	0.0054721985943615
47.167999267578	0.011752950958908	0.0052617751061916
47.183998107910	0.011764399707317	0.0050525642000139
47.200000762939	0.011771448887885	0.0048447228036821
47.215999603271	0.011774142272770	0.0046383980661631
47.231998443604	0.011772544123232	0.0044337096624076
47.248001098633	0.011766713112593	0.0042308117263019
47.263999938965	0.011756716296077	0.0040298434905708
47.279998779297	0.011742627248168	0.0038309521041811
47.296001434326	0.011724530719221	0.0036342705134302
47.312000274658	0.011702527292073	0.0034398944117129
47.327999114990	0.011676697060466	0.0032480168156326
47.344001770020	0.011647155508399	0.0030587252695113
47.360000610352	0.011614012531936	0.0028721473645419
47.375999450684	0.011577384546399	0.0026884062681347
47.391998291016	0.011537392623723	0.0025076305028051
47.408000946045	0.011494174599648	0.0023299094755203
47.423999786377	0.011447859928012	0.0021553717087954
47.439998626709	0.011398599483073	0.0019840952008963
47.456001281738	0.011346539482474	0.0018161847256124
47.472000122070	0.011291834525764	0.0016517270123586
47.487998962402	0.011234646663070	0.0014907922595739
47.504001617432	0.011175138875842	0.0013334854738787
47.520000457764	0.011113484390080	0.0011798200430349
47.535999298096	0.011049855500460	0.0010298980632797
47.551998138428	0.010984431952238	0.00088375009363517
47.568000793457	0.010917395353317	0.00074142118683085
47.583999633789	0.010848932899535	0.00060292845591903
47.599998474121	0.010779228992760	0.00046831264626235
47.616001129150	0.010708476416767	0.00033756651100703
47.631999969482	0.010636867024004	0.00021071694209240
47.647998809814	0.010564594529569	8.7753163825255e-05
47.664001464844	0.010491850785911	-3.1361967558041e-05
47.680000305176	0.010418830439448	-0.00014663147157989
47.695999145508	0.010345729067922	-0.00025810443912633
47.712001800537	0.010272737592459	-0.00036584504414350
47.728000640869	0.010200048796833	-0.00046987339737825
47.743999481201	0.010127852670848	-0.00057027355069295
47.759998321533	0.010056331753731	-0.00066714297281578
47.776000976562	0.0099856751039624	-0.00076053477823734
47.791999816895	0.0099160578101873	-0.00085059145931154
47.807998657227	0.0098476568236947	-0.00093739153817296
47.824001312256	0.0097806435078382	-0.0010210536420345
47.840000152588	0.0097151817753911	-0.0011017264332622
47.855998992920	0.0096514280885458	-0.0011795308673754
47.872001647949	0.0095895361155272	-0.0012546263169497
47.888000488281	0.0095296492800117	-0.0013271712232381
47.903999328613	0.0094719026237726	-0.0013973239110783
47.919998168945	0.0094164265319705	-0.0014652686659247
47.936000823975	0.0093633402138948	-0.0015311703318730
47.951999664307	0.0093127526342869	-0.0015952280955389
47.967998504639	0.0092647597193718	-0.0016576555790380
47.984001159668	0.0092194564640522	-0.0017186290351674
48.000000000000	0.0091769173741341	-0.0017783833900467
48.015998840332	0.0091372085735202	-0.0018371234182268
48.032001495361	0.0091003896668553	-0.0018950604135171
48.048000335693	0.0090664988383651	-0.0019524360541254
48.063999176025	0.0090355696156621	-0.0020094718784094
48.080001831055	0.0090076206251979	-0.0020663943141699
48.096000671387	0.0089826555922627	-0.0021234431769699
48.111999511719	0.0089606642723083	-0.0021808643359691
48.127998352051	0.0089416252449155	-0.0022388913203031
48.144001007080	0.0089255077764392	-0.0022977469488978
48.159999847412	0.0089122587814927	-0.0023576850071549
48.175998687744	0.0089018177241087	-0.0024189313407987
48.192001342773	0.0088941045105457	-0.0024817350786179
48.208000183105	0.0088890334591269	-0.0025463090278208
48.223999023438	0.0088864965364337	-0.0026128988247365
48.240001678467	0.0088863754644990	-0.0026817233301699
48.256000518799	0.0088885389268398	-0.0027529988437891
48.271999359131	0.0088928416371346	-0.0028269500471652
48.287998199463	0.0088991289958358	-0.0029037566855550
48.304000854492	0.0089072221890092	-0.0029836583416909
48.319999694824	0.0089169442653656	-0.0030668156687170
48.335998535156	0.0089280921965837	-0.0031534305308014
48.352001190186	0.0089404638856649	-0.0032436605542898
48.368000030518	0.0089538404718041	-0.0033376705832779
48.383998870850	0.0089679788798094	-0.0034356389660388
48.400001525879	0.0089826537296176	-0.0035376651212573
48.416000366211	0.0089976042509079	-0.0036439057439566
48.431999206543	0.0090125678107142	-0.0037544788792729
48.448001861572	0.0090272808447480	-0.0038694720715284
48.464000701904	0.0090414611622691	-0.0039889859035611
48.479999542236	0.0090548358857632	-0.0041130632162094
48.495998382568	0.0090670883655548	-0.0042418180964887
48.512001037598	0.0090779541060328	-0.0043752277269959
48.527999877930	0.0090870987623930	-0.0045133838430047
48.543998718262	0.0090942382812500	-0.0046562468633056
48.560001373291	0.0090990606695414	-0.0048038209788501
48.576000213623	0.0091012390330434	-0.0049561089836061
48.591999053955	0.0091004669666290	-0.0051130517385900
48.608001708984	0.0090964464470744	-0.0052745686843991
48.624000549316	0.0090888449922204	-0.0054406123235822
48.639999389648	0.0090773412957788	-0.0056111058220267
48.655998229980	0.0090616540983319	-0.0057858880609274
48.672000885010	0.0090414565056562	-0.0059648663736880
48.687999725342	0.0090164346620440	-0.0061479047872126
48.703998565674	0.0089863268658519	-0.0063347872346640
48.720001220703	0.0089508006349206	-0.0065253954380751
48.736000061035	0.0089095951989293	-0.0067194919101894
48.751998901367	0.0088624423369765	-0.0069168526679277
48.768001556396	0.0088090477511287	-0.0071172821335495
48.784000396729	0.0087491786107421	-0.0073205013759434
48.799999237061	0.0086825676262379	-0.0075262696482241
48.816001892090	0.0086089968681335	-0.0077342893928289
48.832000732422	0.0085282325744629	-0.0079442840069532
48.847999572754	0.0084400679916143	-0.0081559373065829
48.863998413086	0.0083443270996213	-0.0083689158782363
48.880001068115	0.0082408124580979	-0.0085829040035605
48.895999908447	0.0081293592229486	-0.0087975589558482
48.911998748779	0.0080098323523998	-0.0090125110000372
48.928001403809	0.0078821014612913	-0.0092273959890008
48.944000244141	0.0077460613101721	-0.0094418348744512
48.959999084473	0.0076015982776880	-0.0096554588526487
48.976001739502	0.0074486639350653	-0.0098678590729833
48.992000579834	0.0072872005403042	-0.010078638792038
49.007999420166	0.0071171633899212	-0.010287402197719
49.023998260498	0.0069385454989970	-0.010493737645447
49.040000915527	0.0067513743415475	-0.010697219520807
49.055999755859	0.0065556564368308	-0.010897451080382
49.071998596191	0.0063514611683786	-0.011094002984464
49.088001251221	0.0061388406902552	-0.011286474764347
49.104000091553	0.0059178979136050	-0.011474446393549
49.119998931885	0.0056887711398304	-0.011657494120300
49.136001586914	0.0054515660740435	-0.011835225857794
49.152000427246	0.0052064536139369	-0.012007232755423
49.167999267578	0.0049536162987351	-0.012173115275800
49.183998107910	0.0046932832337916	-0.012332474812865
49.200000762939	0.0044256323017180	-0.012484943494201
49.215999603271	0.0041509238071740	-0.012630145065486
49.231998443604	0.0038694373797625	-0.012767709791660
49.248001098633	0.0035814370494336	-0.012897294014692
49.263999938965	0.0032872436568141	-0.013018555007875
49.279998779297	0.0029871470760554	-0.013131176121533
49.296001434326	0.0026815179735422	-0.013234839774668
49.312000274658	0.0023707062937319	-0.013329256325960
49.327999114990	0.0020550673361868	-0.013414151035249
49.344001770020	0.0017350090201944	-0.013489263132215
49.360000610352	0.0014109163312241	-0.013554354198277
49.375999450684	0.0010832265252247	-0.013609203509986
49.391998291016	0.00075232447125018	-0.013653613626957
49.408000946045	0.00041868488187902	-0.013687402941287
49.423999786377	8.2753911556210e-05	-0.013710415922105
49.439998626709	-0.00025501332129352	-0.013722519390285
49.456001281738	-0.00059415370924398	-0.013723599724472
49.472000122070	-0.00093421066412702	-0.013713570311666
49.487998962402	-0.0012746697757393	-0.013692365959287
49.504001617432	-0.0016150914598256	-0.013659947551787
49.520000457764	-0.0019549545831978	-0.013616297394037
49.535999298096	-0.0022937897592783	-0.013561429455876
49.551998138428	-0.0026311145629734	-0.013495372608304
49.568000793457	-0.0029664221219718	-0.013418191112578
49.583999633789	-0.0032992600463331	-0.013329963199794
49.599998474121	-0.0036291300784796	-0.013230802491307
49.616001129150	-0.0039555518887937	-0.013120842166245
49.631999969482	-0.0042780791409314	-0.013000236824155
49.647998809814	-0.0045962478034198	-0.012869169004261
49.664001464844	-0.0049096038565040	-0.012727845460176
49.680000305176	-0.0052177309989929	-0.012576486915350
49.695999145508	-0.0055201645009220	-0.012415359728038
49.712001800537	-0.0058165262453258	-0.012244722805917
49.728000640869	-0.0061063938774168	-0.012064881622791
49.743999481201	-0.0063894088380039	-0.011876137927175
49.759998321533	-0.0066651972010732	-0.011678830720484
49.776000976562	-0.0069334032014012	-0.011473320424557
49.791999816895	-0.0071937134489417	-0.011259965598583
49.807998657227	-0.0074458043090999	-0.011039165779948
49.824001312256	-0.0076894075609744	-0.010811311192811
49.840000152588	-0.0079242531210184	-0.010576820932329
49.855998992920	-0.0081500997766852	-0.010336126200855
49.872001647949	-0.0083667198196054	-0.010089675895870
49.888000488281	-0.0085739390924573	-0.0098379058763385
49.903999328613	-0.0087715815752745	-0.0095812827348709
49.919998168945	-0.0089594991877675	-0.0093202795833349
49.936000823975	-0.0091375708580017	-0.0090553760528564
49.951999664307	-0.0093057285994291	-0.0087870275601745
49.967998504639	-0.0094638913869858	-0.0085157370194793
49.984001159668	-0.0096120266243815	-0.0082419775426388
50.000000000000	-0.0097501343116164	-0.0079662241041660
