34.000000000000	-0.031093200668693	-0.010756502859294
34.015998840332	-0.031314346939325	-0.010252177715302
34.032001495361	-0.031526129692793	-0.0097454236820340
34.048000335693	-0.031728651374578	-0.0092365005984902
34.063999176025	-0.031922034919262	-0.0087256729602814
34.080001831055	-0.032106406986713	-0.0082131857052445
34.096000671387	-0.032281916588545	-0.0076992525719106
34.111999511719	-0.032448697835207	-0.0071841040626168
34.127998352051	-0.032606918364763	-0.0066679269075394
34.144001007080	-0.032756749540567	-0.0061509110964835
34.159999847412	-0.032898344099522	-0.0056332466192544
34.175998687744	-0.033031899482012	-0.0051150559447706
34.192001342773	-0.033157579600811	-0.0045965183526278
34.208000183105	-0.033275581896305	-0.0040777269750834
34.223999023438	-0.033386088907719	-0.0035588177852333
34.240001678467	-0.033489290624857	-0.0030398699454963
34.256000518799	-0.033585373312235	-0.0025209677405655
34.271999359131	-0.033674534410238	-0.0020021777600050
34.287998199463	-0.033756956458092	-0.0014835477340966
34.304000854492	-0.033832825720310	-0.00096511590527371
34.319999694824	-0.033902324736118	-0.00044689438072965
34.335998535156	-0.033965632319450	7.1114103775471e-05
34.352001190186	-0.034022927284241	0.00058891641674563
34.368000030518	-0.034074373543262	0.0011065283324569
34.383998870850	-0.034120123833418	0.0016240066615865
34.400001525879	-0.034160349518061	0.0021413927897811
34.416000366211	-0.034195180982351	0.0026587429456413
34.431999206543	-0.034224763512611	0.0031761305872351
34.448001861572	-0.034249220043421	0.0036936602555215
34.464000701904	-0.034268669784069	0.0042114183306694
34.479999542236	-0.034283209592104	0.0047295135445893
34.495998382568	-0.034292947500944	0.0052480543963611
34.512001037598	-0.034297954291105	0.0057671754620969
34.527999877930	-0.034298297017813	0.0062870099209249
34.543998718262	-0.034294035285711	0.0068077049218118
34.560001373291	-0.034285213798285	0.0073293838649988
34.576000213623	-0.034271851181984	0.0078522311523557
34.591999053955	-0.034253966063261	0.0083763785660267
34.608001708984	-0.034231558442116	0.0089019965380430
34.624000549316	-0.034204609692097	0.0094292545691133
34.639999389648	-0.034173078835011	0.0099583156406879
34.655998229980	-0.034136932343245	0.010489341802895
34.672000885010	-0.034096106886864	0.011022497899830
34.687999725342	-0.034050516784191	0.011557957157493
34.703998565674	-0.034000068902969	0.012095883488655
34.720001220703	-0.033944662660360	0.012636441737413
34.736000061035	-0.033884156495333	0.013179793953896
34.751998901367	-0.033818431198597	0.013726078905165
34.768001556396	-0.033747319132090	0.014275460503995
34.784000396729	-0.033670656383038	0.014828082174063
34.799999237061	-0.033588252961636	0.015384074300528
34.816001892090	-0.033499915152788	0.015943575650454
34.832000732422	-0.033405426889658	0.016506705433130
34.847999572754	-0.033304564654827	0.017073569819331
34.863998413086	-0.033197097480297	0.017644265666604
34.880001068115	-0.033082753419876	0.018218897283077
34.895999908447	-0.032961282879114	0.018797539174557
34.911998748779	-0.032832410186529	0.019380245357752
34.928001403809	-0.032695844769478	0.019967090338469
34.944000244141	-0.032551288604736	0.020558113232255
34.959999084473	-0.032398447394371	0.021153312176466
34.976001739502	-0.032236989587545	0.021752730011940
34.992000579834	-0.032066594809294	0.022356349974871
35.007999420166	-0.031886938959360	0.022964140400290
35.023998260498	-0.031697675585747	0.023576097562909
35.040000915527	-0.031498465687037	0.024192135781050
35.055999755859	-0.031288959085941	0.024812199175358
35.071998596191	-0.031068794429302	0.025436196476221
35.088001251221	-0.030837619677186	0.026064021512866
35.104000091553	-0.030595073476434	0.026695553213358
35.119998931885	-0.030340792611241	0.027330648154020
35.136001586914	-0.030074404552579	0.027969146147370
35.152000427246	-0.029795544221997	0.028610877692699
35.167999267578	-0.029503865167499	0.029255619272590
35.183998107910	-0.029198985546827	0.029903179034591
35.200000762939	-0.028880557045341	0.030553299933672
35.215999603271	-0.028548212721944	0.031205741688609
35.231998443604	-0.028201598674059	0.031860228627920
35.248001098633	-0.027840379625559	0.032516453415155
35.263999938965	-0.027464207261801	0.033174104988575
35.279998779297	-0.027072716504335	0.033832889050245
35.296001434326	-0.026665624231100	0.034492410719395
35.312000274658	-0.026242597028613	0.035152304917574
35.327999114990	-0.025803299620748	0.035812210291624
35.344001770020	-0.025347465649247	0.036471705883741
35.360000610352	-0.024874782189727	0.037130374461412
35.375999450684	-0.024384947493672	0.037787798792124
35.391998291016	-0.023877752944827	0.038443483412266
35.408000946045	-0.023352885618806	0.039096996188164
35.423999786377	-0.022810172289610	0.039747808128595
35.439998626709	-0.022249309346080	0.040395464748144
35.456001281738	-0.021670158952475	0.041039407253265
35.472000122070	-0.021072465926409	0.041679140180349
35.487998962402	-0.020456077530980	0.042314097285271
35.504001617432	-0.019820857793093	0.042943712323904
35.520000457764	-0.019166646525264	0.043567426502705
35.535999298096	-0.018493294715881	0.044184669852257
35.551998138428	-0.017800712957978	0.044794831424952
35.568000793457	-0.017088856548071	0.045397296547890
35.583999633789	-0.016357583925128	0.045991480350494
35.599998474121	-0.015606909058988	0.046576734632254
35.616001129150	-0.014836781658232	0.047152437269688
35.631999969482	-0.014047202654183	0.047717954963446
35.647998809814	-0.013238155283034	0.048272639513016
35.664001464844	-0.012409747578204	0.048815820366144
35.680000305176	-0.011561999097466	0.049346856772900
35.695999145508	-0.010694999247789	0.049865078181028
35.712001800537	-0.0098088756203651	0.050369825214148
35.728000640869	-0.0089037073776126	0.050860423594713
35.743999481201	-0.0079796621575952	0.051336202770472
35.759998321533	-0.0070369858294725	0.051796488463879
35.776000976562	-0.0060757626779377	0.052240610122681
35.791999816895	-0.0050963582471013	0.052667886018753
35.807998657227	-0.0040988982655108	0.053077653050423
35.824001312256	-0.0030836772639304	0.053469240665436
35.840000152588	-0.0020510507747531	0.053841970860958
35.855998992920	-0.0010012914426625	0.054195191711187
35.872001647949	6.5247375459876e-05	0.054528236389160
35.888000488281	0.0011481880210340	0.054840449243784
35.903999328613	0.0022471810225397	0.055131185799837
35.919998168945	0.0033617545850575	0.055399801582098
35.936000823975	0.0044915117323399	0.055645667016506
35.951999664307	0.0056359805166721	0.055868156254292
35.967998504639	0.0067947283387184	0.056066639721394
35.984001159668	0.0079671023413539	0.056240528821945
36.000000000000	0.0091527523472905	0.056389216333628
36.015998840332	0.010350989177823	0.056512124836445
36.032001495361	0.011561273597181	0.056608688086271
36.048000335693	0.012783071026206	0.056678328663111
36.063999176025	0.014015665277839	0.056720528751612
36.080001831055	0.015258477069438	0.056734740734100
36.096000671387	0.016510825604200	0.056720465421677
36.111999511719	0.017772072926164	0.056677181273699
36.127998352051	0.019041493535042	0.056604418903589
36.144001007080	0.020318355411291	0.056501720100641
36.159999847412	0.021601913496852	0.056368641555309
36.175998687744	0.022891424596310	0.056204747408628
36.192001342773	0.024186097085476	0.056009642779827
36.208000183105	0.025485163554549	0.055782929062843
36.223999023438	0.026787789538503	0.055524248629808
36.240001678467	0.028093164786696	0.055233255028725
36.256000518799	0.029400426894426	0.054909627884626
36.271999359131	0.030708737671375	0.054553072899580
36.287998199463	0.032017204910517	0.054163310676813
36.304000854492	0.033324956893921	0.053740072995424
36.319999694824	0.034631080925465	0.053283169865608
36.335998535156	0.035934671759605	0.052792366594076
36.352001190186	0.037234794348478	0.052267495542765
36.368000030518	0.038530517369509	0.051708418875933
36.383998870850	0.039820890873671	0.051114987581968
36.400001525879	0.041104957461357	0.050487127155066
36.416000366211	0.042381752282381	0.049824763089418
36.431999206543	0.043650295585394	0.049127839505672
36.448001861572	0.044909607619047	0.048396363854408
36.464000701904	0.046158690005541	0.047630336135626
36.479999542236	0.047396555542946	0.046829797327518
36.495998382568	0.048622198402882	0.045994836837053
36.512001037598	0.049834612756968	0.045125547796488
36.527999877930	0.051032796502113	0.044222064316273
36.543998718262	0.052215725183487	0.043284554034472
36.560001373291	0.053382396697998	0.042313199490309
36.576000213623	0.054531782865524	0.041308227926493
36.591999053955	0.055662881582975	0.040269918739796
36.608001708984	0.056774675846100	0.039198528975248
36.624000549316	0.057866148650646	0.038094386458397
36.639999389648	0.058936301618814	0.036957841366529
36.655998229980	0.059984125196934	0.035789284855127
36.672000885010	0.061008613556623	0.034589115530252
36.687999725342	0.062008783221245	0.033357791602612
36.703998565674	0.062983632087708	0.032095775008202
36.720001220703	0.063932195305824	0.030803585425019
36.736000061035	0.064853496849537	0.029481763020158
36.751998901367	0.065746575593948	0.028130877763033
36.768001556396	0.066610485315323	0.026751531288028
36.784000396729	0.067444272339344	0.025344360619783
36.799999237061	0.068247035145760	0.023910032585263
36.816001892090	0.069017842411995	0.022449247539043
36.832000732422	0.069755807518959	0.020962726324797
36.847999572754	0.070460058748722	0.019451240077615
36.863998413086	0.071129716932774	0.017915572971106
36.880001068115	0.071763940155506	0.016356540843844
36.895999908447	0.072361916303635	0.014775003306568
36.911998748779	0.072922818362713	0.013171831145883
36.928001403809	0.073445878922939	0.011547937057912
36.944000244141	0.073930338025093	0.0099042579531670
36.959999084473	0.074375443160534	0.0082417577505112
36.976001739502	0.074780493974686	0.0065614283084869
36.992000579834	0.075144790112972	0.0048642912879586
37.007999420166	0.075467683374882	0.0031513888388872
37.023998260498	0.075748518109322	0.0014237943105400
37.040000915527	0.075986713171005	-0.00031739642145112
37.055999755859	0.076181679964066	-0.0020710634998977
37.071998596191	0.076332874596119	-0.0038360629696399
37.088001251221	0.076439775526524	-0.0056112278252840
37.104000091553	0.076501905918121	-0.0073953703977168
37.119998931885	0.076518818736076	-0.0091872820630670
37.136001586914	0.076490089297295	-0.010985732078552
37.152000427246	0.076415345072746	-0.012789472937584
37.167999267578	0.076294235885143	-0.014597238041461
37.183998107910	0.076126456260681	-0.016407746821642
37.200000762939	0.075911737978458	-0.018219694495201
37.215999603271	0.075649842619896	-0.020031770691276
37.231998443604	0.075340583920479	-0.021842649206519
37.248001098633	0.074983797967434	-0.023650983348489
37.263999938965	0.074579373002052	-0.025455428287387
37.279998779297	0.074127241969109	-0.027254614979029
37.296001434326	0.073627360165119	-0.029047181829810
37.312000274658	0.073079742491245	-0.030831737443805
37.327999114990	0.072484448552132	-0.032606907188892
37.344001770020	0.071841567754745	-0.034371301531792
37.360000610352	0.071151234209538	-0.036123517900705
37.375999450684	0.070413634181023	-0.037862174212933
37.391998291016	0.069628983736038	-0.039585866034031
37.408000946045	0.068797573447227	-0.041293196380138
37.423999786377	0.067919708788395	-0.042982783168554
37.439998626709	0.066995739936829	-0.044653225690126
37.456001281738	0.066026076674461	-0.046303149312735
37.472000122070	0.065011166036129	-0.047931171953678
37.487998962402	0.063951507210732	-0.049535926431417
37.504001617432	0.062847629189491	-0.051116053014994
37.520000457764	0.061700131744146	-0.052670199424028
37.535999298096	0.060509629547596	-0.054197046905756
37.551998138428	0.059276785701513	-0.055695261806250
37.568000793457	0.058002352714539	-0.057163543999195
37.583999633789	0.056687042117119	-0.058600615710020
37.599998474121	0.055331703275442	-0.060005199164152
37.616001129150	0.053937144577503	-0.061376050114632
37.631999969482	0.052504286170006	-0.062711946666241
37.647998809814	0.051034037023783	-0.064011700451374
37.664001464844	0.049527384340763	-0.065274126827717
37.680000305176	0.047985333949327	-0.066498085856438
37.695999145508	0.046408932656050	-0.067682445049286
37.712001800537	0.044799286872149	-0.068826131522655
37.728000640869	0.043157510459423	-0.069928094744682
37.743999481201	0.041484784334898	-0.070987299084663
37.759998321533	0.039782300591469	-0.072002761065960
37.776000976562	0.038051307201385	-0.072973527014256
37.791999816895	0.036293074488640	-0.073898687958717
37.807998657227	0.034508898854256	-0.074777357280254
37.824001312256	0.032700125128031	-0.075608700513840
37.840000152588	0.030868126079440	-0.076391920447350
37.855998992920	0.029014300554991	-0.077126279473305
37.872001647949	0.027140052989125	-0.077811047434807
37.888000488281	0.025246853008866	-0.078445568680763
37.903999328613	0.023336166515946	-0.079029224812984
37.919998168945	0.021409494802356	-0.079561442136765
37.936000823975	0.019468365237117	-0.080041699111462
37.951999664307	0.017514303326607	-0.080469511449337
37.967998504639	0.015548893250525	-0.080844454467297
37.984001159668	0.013573682866991	-0.081166163086891
38.000000000000	0.011590284295380	-0.081434294581413
38.015998840332	0.0096002826467156	-0.081648595631123
38.032001495361	0.0076053058728576	-0.081808835268021
38.048000335693	0.0056069884449244	-0.081914827227592
38.063999176025	0.0036069448105991	-0.081966489553452
38.080001831055	0.0016068312106654	-0.081963740289211
38.096000671387	-0.00039172946708277	-0.081906571984291
38.111999511719	-0.0023870742879808	-0.081795044243336
38.127998352051	-0.0043775709345937	-0.081629253923893
38.144001007080	-0.0063615688122809	-0.081409350037575
38.159999847412	-0.0083374325186014	-0.081135556101799
38.175998687744	-0.010303521528840	-0.080808132886887
38.192001342773	-0.012258226983249	-0.080427400767803
38.208000183105	-0.014199907891452	-0.079993732273579
38.223999023438	-0.016126992180943	-0.079507552087307
38.240001678467	-0.018037851899862	-0.078969366848469
38.256000518799	-0.019930945709348	-0.078379683196545
38.271999359131	-0.021804697811604	-0.077739112079144
38.287998199463	-0.023657575249672	-0.077048294246197
38.304000854492	-0.025488063693047	-0.076307907700539
38.319999694824	-0.027294678613544	-0.075518704950809
38.335998535156	-0.029075926169753	-0.074681490659714
38.352001190186	-0.030830390751362	-0.073797091841698
38.368000030518	-0.032556682825089	-0.072866402566433
38.383998870850	-0.034253392368555	-0.071890376508236
38.400001525879	-0.035919141024351	-0.070869997143745
38.416000366211	-0.037552662193775	-0.069806292653084
38.431999206543	-0.039152670651674	-0.068700328469276
38.448001861572	-0.040717944502831	-0.067553214728832
38.464000701904	-0.042247239500284	-0.066366121172905
38.479999542236	-0.043739404529333	-0.065140277147293
38.495998382568	-0.045193366706371	-0.063876859843731
38.512001037598	-0.046607993543148	-0.062577180564404
38.527999877930	-0.047982282936573	-0.061242546886206
38.543998718262	-0.049315262585878	-0.059874281287193
38.560001373291	-0.050605997443199	-0.058473758399487
38.576000213623	-0.051853548735380	-0.057042401283979
38.591999053955	-0.053057160228491	-0.055581610649824
38.608001708984	-0.054215949028730	-0.054092902690172
38.624000549316	-0.055329278111458	-0.052577663213015
38.639999389648	-0.056396413594484	-0.051037475466728
38.655998229980	-0.057416722178459	-0.049473833292723
38.672000885010	-0.058389607816935	-0.047888316214085
38.687999725342	-0.059314645826817	-0.046282377094030
38.703998565674	-0.060191258788109	-0.044657725840807
38.720001220703	-0.061019074171782	-0.043015867471695
38.736000061035	-0.061797764152288	-0.041358403861523
38.751998901367	-0.062526993453503	-0.039686996489763
38.768001556396	-0.063206538558006	-0.038003157824278
38.784000396729	-0.063836231827736	-0.036308571696281
38.799999237061	-0.064415901899338	-0.034604843705893
38.816001892090	-0.064945526421070	-0.032893564552069
38.832000732422	-0.065425038337708	-0.031176377087831
38.847999572754	-0.065854534506798	-0.029454844072461
38.863998413086	-0.066234059631824	-0.027730626985431
38.880001068115	-0.066563807427883	-0.026005281135440
38.895999908447	-0.066843964159489	-0.024280391633511
38.911998748779	-0.067074805498123	-0.022557508200407
38.928001403809	-0.067256644368172	-0.020838189870119
38.944000244141	-0.067389845848083	-0.019123991951346
38.959999084473	-0.067474834620953	-0.017416449263692
38.976001739502	-0.067512094974518	-0.015716968104243
38.992000579834	-0.067502133548260	-0.014027145691216
39.007999420166	-0.067445538938046	-0.012348335236311
39.023998260498	-0.067342944443226	-0.010682005435228
39.040000915527	-0.067195005714893	-0.0090294592082500
39.055999755859	-0.067002438008785	-0.0073921717703342
39.071998596191	-0.066766023635864	-0.0057714311406016
39.088001251221	-0.066486552357674	-0.0041684773750603
39.104000091553	-0.066164866089821	-0.0025846899952739
39.119998931885	-0.065801881253719	-0.0010211707558483
39.136001586914	-0.065398499369621	0.00052084348862991
39.152000427246	-0.064955689013004	0.0020401587244123
39.167999267578	-0.064474463462830	0.0035357319284230
39.183998107910	-0.063955850899220	0.0050064865499735
39.200000762939	-0.063400924205780	0.0064514051191509
39.215999603271	-0.062810778617859	0.0078694736585021
39.231998443604	-0.062186531722546	0.0092598404735327
39.248001098633	-0.061529353260994	0.010621530935168
39.263999938965	-0.060840412974358	0.011953744105995
39.279998779297	-0.060120921581984	0.013255662284791
39.296001434326	-0.059372082352638	0.014526645652950
39.312000274658	-0.058595161885023	0.015765845775604
39.327999114990	-0.057791408151388	0.016972709447145
39.344001770020	-0.056962091475725	0.018146637827158
39.360000610352	-0.056108497083187	0.019287111237645
39.375999450684	-0.055231932550669	0.020393580198288
39.391998291016	-0.054333705455065	0.021465616300702
39.408000946045	-0.053415127098560	0.022502830252051
39.423999786377	-0.052477512508631	0.023504901677370
39.439998626709	-0.051522199064493	0.024471499025822
39.456001281738	-0.050550486892462	0.025402436032891
39.472000122070	-0.049563713371754	0.026297479867935
39.487998962402	-0.048563189804554	0.027156513184309
39.504001617432	-0.047550231218338	0.027979452162981
39.520000457764	-0.046526163816452	0.028766220435500
39.535999298096	-0.045492243021727	0.029516873881221
39.551998138428	-0.044449809938669	0.030231403186917
39.568000793457	-0.043400105088949	0.030909974128008
39.583999633789	-0.042344395071268	0.031552698463202
39.599998474121	-0.041283898055553	0.032159827649593
39.616001129150	-0.040219895541668	0.032731525599957
39.631999969482	-0.039153564721346	0.033268105238676
39.647998809814	-0.038086075335741	0.033769913017750
39.664001464844	-0.037018623203039	0.034237287938595
39.680000305176	-0.035952311009169	0.034670669585466
39.695999145508	-0.034888267517090	0.035070486366749
39.712001800537	-0.033827591687441	0.035437215119600
39.728000640869	-0.032771304249763	0.035771399736404
39.743999481201	-0.031720474362373	0.036073572933674
39.759998321533	-0.030676100403070	0.036344315856695
39.776000976562	-0.029639093205333	0.036584287881851
39.791999816895	-0.028610436245799	0.036794114857912
39.807998657227	-0.027591014280915	0.036974478513002
39.824001312256	-0.026581671088934	0.037126101553440
39.840000152588	-0.025583252310753	0.037249702960253
39.855998992920	-0.024596532806754	0.037346050143242
39.872001647949	-0.023622257634997	0.037415932863951
39.888000488281	-0.022661160677671	0.037460133433342
39.903999328613	-0.021713925525546	0.037479467689991
39.919998168945	-0.020781150087714	0.037474803626537
39.936000823975	-0.019863475114107	0.037446964532137
39.951999664307	-0.018961414694786	0.037396837025881
39.967998504639	-0.018075512722135	0.037325292825699
39.984001159668	-0.017206255346537	0.037233214825392
40.000000000000	-0.016354046761990	0.037121508270502
40.015998840332	-0.015519295819104	0.036991078406572
40.032001495361	-0.014702361077070	0.036842830479145
40.048000335693	-0.013903553597629	0.036677680909634
40.063999176025	-0.013123173266649	0.036496534943581
40.080001831055	-0.012361411005259	0.036300316452980
40.096000671387	-0.011618495918810	0.036089934408665
40.111999511719	-0.010894580744207	0.035866297781467
40.127998352051	-0.010189779102802	0.035630311816931
40.144001007080	-0.0095041766762733	0.035382870584726
40.159999847412	-0.0088378014042974	0.035124864429235
40.175998687744	-0.0081906858831644	0.034857179969549
40.192001342773	-0.0075627970509231	0.034580674022436
40.208000183105	-0.0069540841504931	0.034296203404665
40.223999023438	-0.0063643897883594	0.034004624933004
40.240001678467	-0.0057936571538448	0.033706750720739
40.256000518799	-0.0052416585385799	0.033403400331736
40.271999359131	-0.0047082686796784	0.033095359802246
40.287998199463	-0.0041931988671422	0.032783411443233
40.304000854492	-0.0036962321028113	0.032468304038048
40.319999694824	-0.0032170845661312	0.032150771468878
40.335998535156	-0.0027554261032492	0.031831521540880
40.352001190186	-0.0023109556641430	0.031511250883341
40.368000030518	-0.0018832965288311	0.031190615147352
40.383998870850	-0.0014720627805218	0.030870260670781
40.400001525879	-0.0010768567444757	0.030550796538591
40.416000366211	-0.00069727282971144	0.030232815071940
40.431999206543	-0.00033282695221715	0.029916873201728
40.448001861572	1.6897271052585e-05	0.029603509232402
40.464000701904	0.00035241851583123	0.029293227940798
40.479999542236	0.00067417172249407	0.028986508026719
40.495998382568	0.00098271633032709	0.028683800250292
40.512001037598	0.0012785529252142	0.028385521844029
40.527999877930	0.0015621916390955	0.028092065826058
40.543998718262	0.0018341909162700	0.027803793549538
40.560001373291	0.0020950743928552	0.027521042153239
40.576000213623	0.0023454357869923	0.027244109660387
40.591999053955	0.0025857933796942	0.026973273605108
40.608001708984	0.0028166936244816	0.026708781719208
40.624000549316	0.0030387584120035	0.026450838893652
40.639999389648	0.0032524955458939	0.026199640706182
40.655998229980	0.0034584989771247	0.025955341756344
40.672000885010	0.0036573228426278	0.025718072429299
40.687999725342	0.0038495413027704	0.025487931445241
40.703998565674	0.0040356768295169	0.025265000760555
40.720001220703	0.0042163068428636	0.025049317628145
40.736000061035	0.0043919696472585	0.024840906262398
40.751998901367	0.0045632077381015	0.024639759212732
40.768001556396	0.0047305254265666	0.024445848539472
40.784000396729	0.0048944675363600	0.024259116500616
40.799999237061	0.0050555393099785	0.024079479277134
40.816001892090	0.0052142166532576	0.023906841874123
40.832000732422	0.0053710076026618	0.023741070181131
40.847999572754	0.0055263559333980	0.023582026362419
40.863998413086	0.0056807496584952	0.023429535329342
40.880001068115	0.0058346032164991	0.023283408954740
40.895999908447	0.0059883417561650	0.023143451660872
40.911998748779	0.0061423839069903	0.023009426891804
40.928001403809	0.0062971175648272	0.022881098091602
40.944000244141	0.0064528924413025	0.022758213803172
40.959999084473	0.0066101034171879	0.022640490904450
40.976001739502	0.0067690666764975	0.022527649998665
40.992000579834	0.0069300779141486	0.022419398650527
41.007999420166	0.0070934742689133	0.022315410897136
41.023998260498	0.0072594876401126	0.022215379402041
41.040000915527	0.0074284053407609	0.022118965163827
41.055999755859	0.0076004485599697	0.022025832906365
41.071998596191	0.0077758338302374	0.021935638040304
41.088001251221	0.0079547530040145	0.021848019212484
41.104000091553	0.0081373844295740	0.021762626245618
41.119998931885	0.0083238715305924	0.021679090335965
41.136001586914	0.0085143540054560	0.021597048267722
41.152000427246	0.0087089398875833	0.021516129374504
41.167999267578	0.0089077083393931	0.021435970440507
41.183998107910	0.0091107403859496	0.021356191486120
41.200000762939	0.0093180602416396	0.021276438608766
41.215999603271	0.0095297321677208	0.021196328103542
41.231998443604	0.0097457328811288	0.021115509793162
41.248001098633	0.0099660679697990	0.021033614873886
41.263999938965	0.010190708562732	0.020950289443135
41.279998779297	0.010419594123960	0.020865185186267
41.296001434326	0.010652667842805	0.020777953788638
41.312000274658	0.010889845900238	0.020688259974122
41.327999114990	0.011131012812257	0.020595781505108
41.344001770020	0.011376088485122	0.020500177517533
41.360000610352	0.011624893173575	0.020401159301400
41.375999450684	0.011877289041877	0.020298423245549
41.391998291016	0.012133133597672	0.020191669464111
41.408000946045	0.012392243370414	0.020080616697669
41.423999786377	0.012654418125749	0.019965002313256
41.439998626709	0.012919443659484	0.019844582304358
41.456001281738	0.013187145814300	0.019719090312719
41.472000122070	0.013457268476486	0.019588310271502
41.487998962402	0.013729575090110	0.019452035427094
41.504001617432	0.014003836549819	0.019310047850013
41.520000457764	0.014279784634709	0.019162168726325
41.535999298096	0.014557166025043	0.019008226692677
41.551998138428	0.014835720881820	0.018848054111004
41.568000793457	0.015115153975785	0.018681520596147
41.583999633789	0.015395211055875	0.018508480861783
41.599998474121	0.015675583854318	0.018328841775656
41.616001129150	0.015955993905663	0.018142497166991
41.631999969482	0.016236150637269	0.017949363216758
41.647998809814	0.016515769064426	0.017749369144440
41.664001464844	0.016794547438622	0.017542464658618
41.680000305176	0.017072187736630	0.017328618094325
41.695999145508	0.017348393797874	0.017107808962464
41.712001800537	0.017622882500291	0.016880020499229
41.728000640869	0.017895359545946	0.016645254567266
41.743999481201	0.018165526911616	0.016403552144766
41.759998321533	0.018433103337884	0.016154929995537
41.776000976562	0.018697794526815	0.015899462625384
41.791999816895	0.018959335982800	0.015637185424566
41.807998657227	0.019217452034354	0.015368181280792
41.824001312256	0.019471876323223	0.015092534944415
41.840000152588	0.019722325727344	0.014810371212661
41.855998992920	0.019968571141362	0.014521770179272
41.872001647949	0.020210346207023	0.014226875267923
41.888000488281	0.020447414368391	0.013925816863775
41.903999328613	0.020679550245404	0.013618733733892
41.919998168945	0.020906522870064	0.013305780477822
41.936000823975	0.021128114312887	0.012987132184207
41.951999664307	0.021344132721424	0.012662936002016
41.967998504639	0.021554360166192	0.012333406135440
41.984001159668	0.021758615970612	0.011998717673123
42.000000000000	0.021956739947200	0.011659041978419
42.015998840332	0.022148551419377	0.011314600706100
42.032001495361	0.022333893924952	0.010965610854328
42.048000335693	0.022512631490827	0.010612264275551
42.063999176025	0.022684616968036	0.010254792869091
42.080001831055	0.022849746048450	0.0098933884873986
42.096000671387	0.023007890209556	0.0095283165574074
42.111999511719	0.023158961907029	0.0091597652062774
42.127998352051	0.023302854970098	0.0087879970669746
42.144001007080	0.023439507931471	0.0084132086485624
42.159999847412	0.023568838834763	0.0080356560647488
42.175998687744	0.023690802976489	0.0076555525884032
42.192001342773	0.023805340752006	0.0072731589898467
42.208000183105	0.023912426084280	0.0068886671215296
42.223999023438	0.024012034758925	0.0065023289062083
42.240001678467	0.024104144424200	0.0061143711209297
42.256000518799	0.024188751354814	0.0057250219397247
42.271999359131	0.024265870451927	0.0053344732150435
42.287998199463	0.024335507303476	0.0049429857172072
42.304000854492	0.024397684261203	0.0045507592149079
42.319999694824	0.024452436715364	0.0041580041870475
42.335998535156	0.024499801918864	0.0037649283185601
42.352001190186	0.024539835751057	0.0033717134501785
42.368000030518	0.024572590366006	0.0029785844963044
42.383998870850	0.024598127231002	0.0025857277214527
42.400001525879	0.024616524577141	0.0021933265961707
42.416000366211	0.024627855047584	0.0018015477107838
42.431999206543	0.024632202461362	0.0014105776790529
42.448001861572	0.024629659950733	0.0010205749422312
42.464000701904	0.024620318785310	0.00063170475186780
42.479999542236	0.024604281410575	0.00024411632330157
42.495998382568	0.024581652134657	-0.00014204633771442
42.512001037598	0.024552537128329	-0.00052663264796138
42.527999877930	0.024517050012946	-0.00090954382903874
42.543998718262	0.024475302547216	-0.0012906162301078
42.560001373291	0.024427415803075	-0.0016697732498869
42.576000213623	0.024373507127166	-0.0020468735601753
42.591999053955	0.024313699454069	-0.0024218510370702
42.608001708984	0.024248113855720	-0.0027945865876973
42.624000549316	0.024176871404052	-0.0031650124583393
42.639999389648	0.024100098758936	-0.0035330317914486
42.655998229980	0.024017916992307	-0.0038985873106867
42.672000885010	0.023930447176099	-0.0042616268619895
42.687999725342	0.023837817832828	-0.0046220677904785
42.703998565674	0.023740142583847	-0.0049798903055489
42.720001220703	0.023637538775802	-0.0053350436501205
42.736000061035	0.023530134931207	-0.0056874714791775
42.751998901367	0.023418035358191	-0.0060371556319296
42.768001556396	0.023301355540752	-0.0063840914517641
42.784000396729	0.023180207237601	-0.0067282235249877
42.799999237061	0.023054683580995	-0.0070695886388421
42.816001892090	0.022924900054932	-0.0074081369675696
42.832000732422	0.022790951654315	-0.0077438792213798
42.847999572754	0.022652925923467	-0.0080768261104822
42.863998413086	0.022510917857289	-0.0084069836884737
42.880001068115	0.022365005686879	-0.0087343659251928
42.895999908447	0.022215278819203	-0.0090589728206396
42.911998748779	0.022061809897423	-0.0093808220699430
42.928001403809	0.021904662251472	-0.0096999593079090
42.944000244141	0.021743906661868	-0.010016382671893
42.959999084473	0.021579602733254	-0.010330128483474
42.976001739502	0.021411808207631	-0.010641210712492
42.992000579834	0.021240565925837	-0.010949674993753
43.007999420166	0.021065922454000	-0.011255544610322
43.023998260498	0.020887913182378	-0.011558854021132
43.040000915527	0.020706579089165	-0.011859617196023
43.055999755859	0.020521938800812	-0.012157887220383
43.071998596191	0.020334022119641	-0.012453675270081
43.088001251221	0.020142843946815	-0.012747024185956
43.104000091553	0.019948417320848	-0.013037949800491
43.119998931885	0.019750738516450	-0.013326500542462
43.136001586914	0.019549831748009	-0.013612671755254
43.152000427246	0.019345678389072	-0.013896506279707
43.167999267578	0.019138269126415	-0.014178030192852
43.183998107910	0.018927603960037	-0.014457248151302
43.200000762939	0.018713662400842	-0.014734178781509
43.215999603271	0.018496418371797	-0.015008843503892
43.231998443604	0.018275862559676	-0.015281233936548
43.248001098633	0.018051963299513	-0.015551363117993
43.263999938965	0.017824690788984	-0.015819232910872
43.279998779297	0.017594002187252	-0.016084847971797
43.296001434326	0.017359863966703	-0.016348199918866
43.312000274658	0.017122261226177	-0.016609255224466
43.327999114990	0.016881141811609	-0.016868012025952
43.344001770020	0.016636447981000	-0.017124459147453
43.360000610352	0.016388166695833	-0.017378546297550
43.375999450684	0.016136215999722	-0.017630279064178
43.391998291016	0.015880595892668	-0.017879575490952
43.408000946045	0.015621223486960	-0.018126431852579
43.423999786377	0.015358079224825	-0.018370775505900
43.439998626709	0.015091096051037	-0.018612582236528
43.456001281738	0.014820244163275	-0.018851771950722
43.472000122070	0.014545489102602	-0.019088283181190
43.487998962402	0.014266767539084	-0.019322061911225
43.504001617432	0.013984052464366	-0.019553024321795
43.520000457764	0.013697282411158	-0.019781110808253
43.535999298096	0.013406458310783	-0.020006209611893
43.551998138428	0.013111514970660	-0.020228259265423
43.568000793457	0.012812435626984	-0.020447153598070
43.583999633789	0.012509173713624	-0.020662806928158
43.599998474121	0.012201719917357	-0.020875109359622
43.616001129150	0.011890079826117	-0.021083941683173
43.631999969482	0.011574190109968	-0.021289220079780
43.647998809814	0.011254008859396	-0.021490845829248
43.664001464844	0.010929621756077	-0.021688649430871
43.680000305176	0.010600942187011	-0.021882552653551
43.695999145508	0.010268030688167	-0.022072404623032
43.712001800537	0.0099307978525758	-0.022258123382926
43.728000640869	0.0095893833786249	-0.022439515218139
43.743999481201	0.0092436941340566	-0.022616500034928
43.759998321533	0.0088937981054187	-0.022788925096393
43.776000976562	0.0085397018119693	-0.022956660017371
43.791999816895	0.0081814825534821	-0.023119552060962
43.807998657227	0.0078191142529249	-0.023277482017875
43.824001312256	0.0074527030810714	-0.023430293425918
43.840000152588	0.0070822327397764	-0.023577861487865
43.855998992920	0.0067078224383295	-0.023720031604171
43.872001647949	0.0063294824212790	-0.023856673389673
43.888000488281	0.0059473225846887	-0.023987639695406
43.903999328613	0.0055613745935261	-0.024112794548273
43.919998168945	0.0051717800088227	-0.024231990799308
43.936000823975	0.0047785816714168	-0.024345096200705
43.951999664307	0.0043818494305015	-0.024451974779367
43.967998504639	0.0039817299693823	-0.024552490562201
43.984001159668	0.0035783022176474	-0.024646503850818
44.000000000000	0.0031717109959573	-0.024733889847994
44.015998840332	0.0027620354667306	-0.024814518168569
44.032001495361	0.0023493934422731	-0.024888264015317
44.048000335693	0.0019339558202773	-0.024955004453659
44.063999176025	0.0015158036258072	-0.025014622136950
44.080001831055	0.0010951047297567	-0.025066999718547
44.096000671387	0.00067199650220573	-0.025112025439739
44.111999511719	0.00024663223302923	-0.025149591267109
44.127998352051	-0.00018083050963469	-0.025179594755173
44.144001007080	-0.00061025412287563	-0.025201940909028
44.159999847412	-0.0010414611315355	-0.025216531008482
44.175998687744	-0.0014742943458259	-0.025223277509212
44.192001342773	-0.0019085691310465	-0.025222098454833
44.208000183105	-0.0023441333323717	-0.025212911888957
44.223999023438	-0.0027808202430606	-0.025195645168424
44.240001678467	-0.0032183872535825	-0.025170234963298
44.256000518799	-0.0036567095667124	-0.025136616080999
44.271999359131	-0.0040955888107419	-0.025094734504819
44.287998199463	-0.0045348335988820	-0.025044532492757
44.304000854492	-0.0049742539413273	-0.024985974654555
44.319999694824	-0.0054136789403856	-0.024919010698795
44.335998535156	-0.0058528902009130	-0.024843618273735
44.352001190186	-0.0062916907481849	-0.024759771302342
44.368000030518	-0.0067298831418157	-0.024667449295521
44.383998870850	-0.0071672922931612	-0.024566629901528
44.400001525879	-0.0076037193648517	-0.024457309395075
44.416000366211	-0.0080389622598886	-0.024339484050870
44.431999206543	-0.0084728002548218	-0.024213166907430
44.448001861572	-0.0089050764217973	-0.024078352376819
44.464000701904	-0.0093355467543006	-0.023935075849295
44.479999542236	-0.0097640808671713	-0.023783331736922
44.495998382568	-0.010190431028605	-0.023623168468475
44.512001037598	-0.010614399798214	-0.023454621434212
44.527999877930	-0.011035836301744	-0.023277711123228
44.543998718262	-0.011454519815743	-0.023092497140169
44.560001373291	-0.011870279908180	-0.022899014875293
44.576000213623	-0.012282919138670	-0.022697327658534
44.591999053955	-0.012692227028310	-0.022487504407763
44.608001708984	-0.013098055496812	-0.022269599139690
44.624000549316	-0.013500218279660	-0.022043678909540
44.639999389648	-0.013898547738791	-0.021809808909893
44.655998229980	-0.014292840845883	-0.021568089723587
44.672000885010	-0.014682936482131	-0.021318593993783
44.687999725342	-0.015068675391376	-0.021061403676867
44.703998565674	-0.015449884347618	-0.020796617493033
44.720001220703	-0.015826405957341	-0.020524317398667
44.736000061035	-0.016198053956032	-0.020244630053639
44.751998901367	-0.016564713791013	-0.019957616925240
44.768001556396	-0.016926206648350	-0.019663412123919
44.784000396729	-0.017282385379076	-0.019362114369869
44.799999237061	-0.017633110284805	-0.019053827971220
44.816001892090	-0.017978226765990	-0.018738681450486
44.832000732422	-0.018317617475986	-0.018416769802570
44.847999572754	-0.018651114776731	-0.018088240176439
44.863998413086	-0.018978606909513	-0.017753195017576
44.880001068115	-0.019299985840917	-0.017411729320884
44.895999908447	-0.019615091383457	-0.017064006999135
44.911998748779	-0.019923789426684	-0.016710173338652
44.928001403809	-0.020225994288921	-0.016350312158465
44.944000244141	-0.020521590486169	-0.015984555706382
44.959999084473	-0.020810447633266	-0.015613051131368
44.976001739502	-0.021092459559441	-0.015235934406519
44.992000579834	-0.021367533132434	-0.014853318221867
45.007999420166	-0.021635547280312	-0.014465358108282
45.023998260498	-0.021896416321397	-0.014072172343731
45.040000915527	-0.022150039672852	-0.013673899695277
45.055999755859	-0.022396309301257	-0.013270701281726
45.071998596191	-0.022635152563453	-0.012862677685916
45.088001251221	-0.022866468876600	-0.012449991889298
45.104000091553	-0.023090187460184	-0.012032745406032
45.119998931885	-0.023306177929044	-0.011611171998084
45.136001586914	-0.023514419794083	-0.011185285635293
45.152000427246	-0.023714788258076	-0.010755323804915
45.167999267578	-0.023907227441669	-0.010321367532015
45.183998107910	-0.024091646075249	-0.0098836123943329
45.200000762939	-0.024267990142107	-0.0094421422109008
45.215999603271	-0.024436172097921	-0.0089971292763948
45.231998443604	-0.024596121162176	-0.0085487309843302
45.248001098633	-0.024747774004936	-0.0080970749258995
45.263999938965	-0.024891074746847	-0.0076422728598118
45.279998779297	-0.025025926530361	-0.0071845501661301
45.296001434326	-0.025152295827866	-0.0067239706404507
45.312000274658	-0.025270096957684	-0.0062607666477561
45.327999114990	-0.025379292666912	-0.0057949768379331
45.344001770020	-0.025479800999165	-0.0053268615156412
45.360000610352	-0.025571573525667	-0.0048565096221864
45.375999450684	-0.025654561817646	-0.0043840375728905
45.391998291016	-0.025728687644005	-0.0039097098633647
45.408000946045	-0.025793921202421	-0.0034335469827056
45.423999786377	-0.025850189849734	-0.0029558162204921
45.439998626709	-0.025897450745106	-0.0024766393471509
45.456001281738	-0.025935655459762	-0.0019961157813668
45.472000122070	-0.025964749976993	-0.0015145178185776
45.487998962402	-0.025984687730670	-0.0010319235734642
45.504001617432	-0.025995425879955	-0.00054848619038239
45.520000457764	-0.025996917858720	-6.4435465901624e-05
45.535999298096	-0.025989122688770	0.00042007127194665
45.551998138428	-0.025971997529268	0.00090489938156679
45.568000793457	-0.025945508852601	0.0013898375909775
45.583999633789	-0.025909615680575	0.0018747471040115
45.599998474121	-0.025864286348224	0.0023594126105309
45.616001129150	-0.025809487327933	0.0028436905704439
45.631999969482	-0.025745186954737	0.0033273855224252
45.647998809814	-0.025671366602182	0.0038102760445327
45.664001464844	-0.025587998330593	0.0042921868152916
45.680000305176	-0.025495057925582	0.0047729643993080
45.695999145508	-0.025392536073923	0.0052523566409945
45.712001800537	-0.025280402973294	0.0057302545756102
45.728000640869	-0.025158666074276	0.0062063513323665
45.743999481201	-0.025027308613062	0.0066805100068450
45.759998321533	-0.024886334314942	0.0071524921804667
45.776000976562	-0.024735743179917	0.0076221087947488
45.791999816895	-0.024575537070632	0.0080891400575638
45.807998657227	-0.024405721575022	0.0085533922538161
45.824001312256	-0.024226345121861	0.0090145757421851
45.840000152588	-0.024037385359406	0.0094725582748652
45.855998992920	-0.023838888853788	0.0099270939826965
45.872001647949	-0.023630877956748	0.010377957485616
45.888000488281	-0.023413406684995	0.010824899189174
45.903999328613	-0.023186519742012	0.011267690919340
45.919998168945	-0.022950252518058	0.011706124991179
45.936000823975	-0.022704662755132	0.012139973230660
45.951999664307	-0.022449823096395	0.012568982318044
45.967998504639	-0.022185791283846	0.012992943637073
45.984001159668	-0.021912652999163	0.013411603868008
46.000000000000	-0.021630501374602	0.013824712485075
46.015998840332	-0.021339414641261	0.014232057146728
46.032001495361	-0.021039517596364	0.014633369632065
46.048000335693	-0.020730864256620	0.015028480440378
46.063999176025	-0.020413627848029	0.015417082235217
46.080001831055	-0.020087877288461	0.015799004584551
46.096000671387	-0.019753783941269	0.016173969954252
46.111999511719	-0.019411478191614	0.016541749238968
46.127998352051	-0.019061118364334	0.016902105882764
46.144001007080	-0.018702831119299	0.017254840582609
46.159999847412	-0.018336806446314	0.017599701881409
46.175998687744	-0.017963206395507	0.017936479300261
46.192001342773	-0.017582217231393	0.018264947459102
46.208000183105	-0.017194051295519	0.018584871664643
46.223999023438	-0.016798859462142	0.018896080553532
46.240001678467	-0.016396883875132	0.019198335707188
46.256000518799	-0.015988327562809	0.019491447135806
46.271999359131	-0.015573434531689	0.019775198772550
46.287998199463	-0.015152398496866	0.020049430429935
46.304000854492	-0.014725498855114	0.020313926041126
46.319999694824	-0.014292960986495	0.020568523555994
46.335998535156	-0.013855061493814	0.020813031122088
46.352001190186	-0.013412021100521	0.021047320216894
46.368000030518	-0.012964165769517	0.021271193400025
46.383998870850	-0.012511746957898	0.021484514698386
46.400001525879	-0.012055047787726	0.021687148138881
46.416000366211	-0.011594370938838	0.021878955885768
46.431999206543	-0.011130007915199	0.022059815004468
46.448001861572	-0.010662253946066	0.022229623049498
46.464000701904	-0.010191427543759	0.022388262674212
46.479999542236	-0.0097178556025028	0.022535638883710
46.495998382568	-0.0092418240383267	0.022671686485410
46.512001037598	-0.0087636653333902	0.022796325385571
46.527999877930	-0.0082837371155620	0.022909484803677
46.543998718262	-0.0078023327514529	0.023011125624180
46.560001373291	-0.0073198373429477	0.023101199418306
46.576000213623	-0.0068365270271897	0.023179695010185
46.591999053955	-0.0063527892343700	0.023246586322784
46.608001708984	-0.0058689238503575	0.023301880806684
46.624000549316	-0.0053853187710047	0.023345580324531
46.639999389648	-0.0049022957682610	0.023377710953355
46.655998229980	-0.0044201523996890	0.023398315533996
46.672000885010	-0.0039393194019794	0.023407429456711
46.687999725342	-0.0034600696526468	0.023405129089952
46.703998565674	-0.0029827607795596	0.023391475901008
46.720001220703	-0.0025077268946916	0.023366564884782
46.736000061035	-0.0020353416912258	0.023330489173532
46.751998901367	-0.0015658864285797	0.023283364251256
46.768001556396	-0.0010996810160577	0.023225322365761
46.784000396729	-0.00063708482775837	0.023156490176916
46.799999237061	-0.00017840680084191	0.023077022284269
46.816001892090	0.00027605079230852	0.022987078875303
46.832000732422	0.00072597077814862	0.022886836901307
46.847999572754	0.0011710657272488	0.022776482626796
46.863998413086	0.0016110560391098	0.022656207904220
46.880001068115	0.0020456276834011	0.022526226937771
46.895999908447	0.0024745408445597	0.022386757656932
46.911998748779	0.0028974793385714	0.022238031029701
46.928001403809	0.0033142233733088	0.022080283612013
46.944000244141	0.0037245410494506	0.021913766860962
46.959999084473	0.0041281492449343	0.021738745272160
46.976001739502	0.0045248614624143	0.021555477753282
46.992000579834	0.0049144388176501	0.021364251151681
47.007999420166	0.0052966764196754	0.021165346726775
47.023998260498	0.0056714424863458	0.020959045737982
47.040000915527	0.0060384967364371	0.020745657384396
47.055999755859	0.0063976738601923	0.020525492727757
47.071998596191	0.0067488402128220	0.020298853516579
47.088001251221	0.0070918579585850	0.020066058263183
47.104000091553	0.0074266018345952	0.019827425479889
47.119998931885	0.0077529796399176	0.019583271816373
47.136001586914	0.0080708749592304	0.019333932548761
47.152000427246	0.0083801876753569	0.019079744815826
47.167999267578	0.0086808679625392	0.018821034580469
47.183998107910	0.0089728627353907	0.018558131530881
47.200000762939	0.0092561133205891	0.018291378393769
47.215999603271	0.0095306327566504	0.018021093681455
47.231998443604	0.0097963903099298	0.017747618257999
47.248001098633	0.010053370147943	0.017471287399530
47.263999938965	0.010301627218723	0.017192419618368
47.279998779297	0.010541170835495	0.016911346465349
47.296001434326	0.010772049427032	0.016628393903375
47.312000274658	0.010994332842529	0.016343871131539
47.327999114990	0.011208106763661	0.016058083623648
47.344001770020	0.011413422413170	0.015771359205246
47.360000610352	0.011610405519605	0.015483990311623
47.375999450684	0.011799177154899	0.015196260064840
47.391998291016	0.011979837901890	0.014908473938704
47.408000946045	0.012152557261288	0.014620883390307
47.423999786377	0.012317475862801	0.014333769679070
47.439998626709	0.012474725954235	0.014047414995730
47.456001281738	0.012624530121684	0.013762025162578
47.472000122070	0.012767015956342	0.013477889820933
47.487998962402	0.012902431190014	0.013195184059441
47.504001617432	0.013030933216214	0.012914168648422
47.520000457764	0.013152767904103	0.012635011225939
47.535999298096	0.013268126174808	0.012357931584120
47.551998138428	0.013377229683101	0.012083111330867
47.568000793457	0.013480340130627	0.011810691095889
47.583999633789	0.013577660545707	0.011540857143700
47.599998474121	0.013669468462467	0.011273715645075
47.616001129150	0.013755980879068	0.011009422130883
47.631999969482	0.013837475329638	0.010748057626188
47.647998809814	0.013914177194238	0.010489761829376
47.664001464844	0.013986365869641	0.010234581306577
47.680000305176	0.014054303988814	0.0099825803190470
47.695999145508	0.014118220657110	0.0097338547930121
47.712001800537	0.014178384095430	0.0094884354621172
47.728000640869	0.014235079288483	0.0092463027685881
47.743999481201	0.014288537204266	0.0090075107291341
47.759998321533	0.014339015819132	0.0087720481678843
47.776000976562	0.014386775903404	0.0085398815572262
47.791999816895	0.014432047493756	0.0083110090345144
47.807998657227	0.014475094154477	0.0080853532999754
47.824001312256	0.014516142196953	0.0078628677874804
47.840000152588	0.014555424451828	0.0076434877701104
47.855998992920	0.014593160711229	0.0074271359480917
47.872001647949	0.014629572629929	0.0072137028910220
47.888000488281	0.014664873480797	0.0070030707865953
47.903999328613	0.014699264429510	0.0067951311357319
47.919998168945	0.014732929877937	0.0065897516906261
47.936000823975	0.014766053296626	0.0063867960125208
47.951999664307	0.014798808842897	0.0061861081048846
47.967998504639	0.014831355772913	0.0059875249862671
47.984001159668	0.014863841235638	0.0057908771559596
48.000000000000	0.014896405860782	0.0055959792807698
48.015998840332	0.014929166994989	0.0054026679135859
48.032001495361	0.014962242916226	0.0052107311785221
48.048000335693	0.014995727688074	0.0050199842080474
48.063999176025	0.015029706060886	0.0048302225768566
48.080001831055	0.015064251609147	0.0046412381343544
48.096000671387	0.015099421143532	0.0044528050348163
48.111999511719	0.015135259367526	0.0042647249065340
48.127998352051	0.015171793289483	0.0040767798200250
48.144001007080	0.015209032222629	0.0038887669797987
48.159999847412	0.015246989205480	0.0037004211917520
48.175998687744	0.015285636298358	0.0035115792416036
48.192001342773	0.015324948355556	0.0033220027107745
48.208000183105	0.015364883467555	0.0031314832158387
48.223999023438	0.015405381098390	0.0029398105107248
48.240001678467	0.015446376986802	0.0027467452455312
48.256000518799	0.015487776137888	0.0025521230418235
48.271999359131	0.015529477968812	0.0023557506501675
48.287998199463	0.015571378171444	0.0021574064157903
48.304000854492	0.015613347291946	0.0019569157157093
48.319999694824	0.015655238181353	0.0017541353590786
48.335998535156	0.015696914866567	0.0015488364733756
48.352001190186	0.015738202258945	0.0013409127714112
48.368000030518	0.015778932720423	0.0011301572667435
48.383998870850	0.015818916261196	0.00091648736270145
48.400001525879	0.015857964754105	0.00069975107908249
48.416000366211	0.015895869582891	0.00047983159311116
48.431999206543	0.015932416543365	0.00025663376436569
48.448001861572	0.015967389568686	3.0023455110495e-05
48.464000701904	0.016000552102923	-0.00020003512327094
48.479999542236	0.016031675040722	-0.00043360018753447
48.495998382568	0.016060508787632	-0.00067075225524604
48.512001037598	0.016086816787720	-0.00091151759261265
48.527999877930	0.016110340133309	-0.0011559283593670
48.543998718262	0.016130827367306	-0.0014039768138900
48.560001373291	0.016148017719388	-0.0016556599875912
48.576000213623	0.016161656007171	-0.0019109655404463
48.591999053955	0.016171477735043	-0.0021698388736695
48.608001708984	0.016177223995328	-0.0024322303943336
48.624000549316	0.016178634017706	-0.0026980952825397
48.639999389648	0.016175456345081	-0.0029672989621758
48.655998229980	0.016167424619198	-0.0032397892791778
48.672000885010	0.016154298558831	-0.0035154097713530
48.687999725342	0.016135826706886	-0.0037940382026136
48.703998565674	0.016111753880978	-0.0040755714289844
48.720001220703	0.016081867739558	-0.0043597728945315
48.736000061035	0.016045922413468	-0.0046465164050460
48.751998901367	0.016003694385290	-0.0049356194213033
48.768001556396	0.015954980626702	-0.0052268416620791
48.784000396729	0.015899578109384	-0.0055199787020683
48.799999237061	0.015837276354432	-0.0058148293755949
48.816001892090	0.015767913311720	-0.0061111086979508
48.832000732422	0.015691315755248	-0.0064085675403476
48.847999572754	0.015607314184308	-0.0067069600336254
48.863998413086	0.015515774488449	-0.0070059890858829
48.880001068115	0.015416548587382	-0.0073054088279605
48.895999908447	0.015309539623559	-0.0076048765331507
48.911998748779	0.015194631181657	-0.0079041160643101
48.928001403809	0.015071735717356	-0.0082028163596988
48.944000244141	0.014940782450140	-0.0085006617009640
48.959999084473	0.014801727607846	-0.0087973028421402
48.976001739502	0.014654517173767	-0.0090924417600036
48.992000579834	0.014499132521451	-0.0093857366591692
49.007999420166	0.014335555024445	-0.0096768718212843
49.023998260498	0.014163811691105	-0.0099654877558351
49.040000915527	0.013983937911689	-0.010251239873469
49.055999755859	0.013795953243971	-0.010533822700381
49.071998596191	0.013599948026240	-0.010812865570188
49.088001251221	0.013395975343883	-0.011088069528341
49.104000091553	0.013184169307351	-0.011359054595232
49.119998931885	0.012964608147740	-0.011625541374087
49.136001586914	0.012737436220050	-0.011887187138200
49.152000427246	0.012502817437053	-0.012143656611443
49.167999267578	0.012260901741683	-0.012394663877785
49.183998107910	0.012011867016554	-0.012639895081520
49.200000762939	0.011755919083953	-0.012879055924714
49.215999603271	0.011493282392621	-0.013111845590174
49.231998443604	0.011224152520299	-0.013338020071387
49.248001098633	0.010948805138469	-0.013557278551161
49.263999938965	0.010667464695871	-0.013769399374723
49.279998779297	0.010380424559116	-0.013974119909108
49.296001434326	0.010087953880429	-0.014171221293509
49.312000274658	0.0097903450950980	-0.014360490255058
49.327999114990	0.0094878897070885	-0.014541735872626
49.344001770020	0.0091809267178178	-0.014714756980538
49.360000610352	0.0088697504252195	-0.014879405498505
49.375999450684	0.0085547212511301	-0.015035510063171
49.391998291016	0.0082361605018377	-0.015182945877314
49.408000946045	0.0079143969342113	-0.015321604907513
49.423999786377	0.0075898086652160	-0.015451373532414
49.439998626709	0.0072627193294466	-0.015572183765471
49.456001281738	0.0069334986619651	-0.015683965757489
49.472000122070	0.0066025205887854	-0.015786670148373
49.487998962402	0.0062701287679374	-0.015880275517702
49.504001617432	0.0059366980567575	-0.015964768826962
49.520000457764	0.0056025711819530	-0.016040168702602
49.535999298096	0.0052681053057313	-0.016106501221657
49.551998138428	0.0049336855299771	-0.016163807362318
49.568000793457	0.0045996294356883	-0.016212157905102
49.583999633789	0.0042663002386689	-0.016251638531685
49.599998474121	0.0039340350776911	-0.016282347962260
49.616001129150	0.0036031522322446	-0.016304405406117
49.631999969482	0.0032740235328674	-0.016317939385772
49.647998809814	0.0029469192959368	-0.016323110088706
49.664001464844	0.0026221624575555	-0.016320081427693
49.680000305176	0.0023000503424555	-0.016309037804604
49.695999145508	0.0019808704964817	-0.016290174797177
49.712001800537	0.0016648508608341	-0.016263706609607
49.728000640869	0.0013523171655834	-0.016229851171374
49.743999481201	0.0010434736032039	-0.016188852488995
49.759998321533	0.00073857267852873	-0.016140954568982
49.776000976562	0.00043780726264231	-0.016086414456367
49.791999816895	0.00014138717961032	-0.016025505959988
49.807998657227	-0.00015052306116559	-0.015958502888680
49.824001312256	-0.00043774282676168	-0.015885690227151
49.840000152588	-0.00072012178134173	-0.015807358548045
49.855998992920	-0.00099755451083183	-0.015723807737231
49.872001647949	-0.0012699203798547	-0.015635335817933
49.888000488281	-0.0015371139161289	-0.015542251057923
49.903999328613	-0.0017990595661104	-0.015444860793650
49.919998168945	-0.0020557257812470	-0.015343470498919
49.936000823975	-0.0023070657625794	-0.015238391235471
49.951999664307	-0.0025530762504786	-0.015129927545786
49.967998504639	-0.0027937381528318	-0.015018385834992
49.984001159668	-0.0030290752183646	-0.014904069714248
50.000000000000	-0.0032591375056654	-0.014787271618843
