34.000000000000	-0.031093239784241	-0.010756490752101
34.015998840332	-0.031314387917519	-0.010252156294882
34.032001495361	-0.031526163220406	-0.0097454013302922
34.048000335693	-0.031728688627481	-0.0092364782467484
34.063999176025	-0.031922064721584	-0.0087256561964750
34.080001831055	-0.032106436789036	-0.0082131605595350
34.096000671387	-0.032281938940287	-0.0076992339454591
34.111999511719	-0.032448720186949	-0.0071840761229396
34.127998352051	-0.032606944441795	-0.0066678994335234
34.144001007080	-0.032756768167019	-0.0061508901417255
34.159999847412	-0.032898362725973	-0.0056332177482545
34.175998687744	-0.033031914383173	-0.0051150340586901
34.192001342773	-0.033157594501972	-0.0045964880846441
34.208000183105	-0.033275593072176	-0.0040777036920190
34.223999023438	-0.033386096358299	-0.0035587947349995
34.240001678467	-0.033489298075438	-0.0030398461967707
34.256000518799	-0.033585377037525	-0.0025209439918399
34.271999359131	-0.033674538135529	-0.0020021616946906
34.287998199463	-0.033756960183382	-0.0014835317851976
34.304000854492	-0.033832825720310	-0.00096509169088677
34.319999694824	-0.033902324736118	-0.00044687819899991
34.335998535156	-0.033965632319450	7.1138398197945e-05
34.352001190186	-0.034022923558950	0.00058893259847537
34.368000030518	-0.034074362367392	0.0011065524304286
34.383998870850	-0.034120120108128	0.0016240227269009
34.400001525879	-0.034160338342190	0.0021414083894342
34.416000366211	-0.034195173531771	0.0026587585452944
34.431999206543	-0.034224756062031	0.0031761545687914
34.448001861572	-0.034249212592840	0.0036936837714165
34.464000701904	-0.034268654882908	0.0042114332318306
34.479999542236	-0.034283198416233	0.0047295205295086
34.495998382568	-0.034292936325073	0.0052480604499578
34.512001037598	-0.034297939389944	0.0057671810500324
34.527999877930	-0.034298282116652	0.0062870164401829
34.543998718262	-0.034294020384550	0.0068077100440860
34.560001373291	-0.034285198897123	0.0073293885216117
34.576000213623	-0.034271836280823	0.0078522367402911
34.591999053955	-0.034253947436810	0.0083763906732202
34.608001708984	-0.034231539815664	0.0089020011946559
34.624000549316	-0.034204587340355	0.0094292657449841
34.639999389648	-0.034173063933849	0.0099583109840751
34.655998229980	-0.034136921167374	0.010489337146282
34.672000885010	-0.034096088260412	0.011022492311895
34.687999725342	-0.034050501883030	0.011557951569557
34.703998565674	-0.034000054001808	0.012095878832042
34.720001220703	-0.033944644033909	0.012636435218155
34.736000061035	-0.033884141594172	0.013179787434638
34.751998901367	-0.033818412572145	0.013726072385907
34.768001556396	-0.033747304230928	0.014275444671512
34.784000396729	-0.033670645207167	0.014828066341579
34.799999237061	-0.033588238060474	0.015384066849947
34.816001892090	-0.033499903976917	0.015943560749292
34.832000732422	-0.033405415713787	0.016506690531969
34.847999572754	-0.033304553478956	0.017073553055525
34.863998413086	-0.033197082579136	0.017644248902798
34.880001068115	-0.033082742244005	0.018218880519271
34.895999908447	-0.032961271703243	0.018797524273396
34.911998748779	-0.032832402735949	0.019380230456591
34.928001403809	-0.032695841044188	0.019967075437307
34.944000244141	-0.032551281154156	0.020558094605803
34.959999084473	-0.032398439943790	0.021153297275305
34.976001739502	-0.032236978411674	0.021752715110779
34.992000579834	-0.032066594809294	0.022356323897839
35.007999420166	-0.031886935234070	0.022964125499129
35.023998260498	-0.031697675585747	0.023576073348522
35.040000915527	-0.031498465687037	0.024192111566663
35.055999755859	-0.031288966536522	0.024812169373035
35.071998596191	-0.031068800017238	0.025436162948608
35.088001251221	-0.030837615951896	0.026064004749060
35.104000091553	-0.030595077201724	0.026695530861616
35.119998931885	-0.030340787023306	0.027330631390214
35.136001586914	-0.030074402689934	0.027969133108854
35.152000427246	-0.029795555397868	0.028610849753022
35.167999267578	-0.029503865167499	0.029255604371428
35.183998107910	-0.029198985546827	0.029903162270784
35.200000762939	-0.028880557045341	0.030553285032511
35.215999603271	-0.028548212721944	0.031205726787448
35.231998443604	-0.028201606124640	0.031860202550888
35.248001098633	-0.027840379625559	0.032516438513994
35.263999938965	-0.027464210987091	0.033174093812704
35.279998779297	-0.027072727680206	0.033832870423794
35.296001434326	-0.026665624231100	0.034492392092943
35.312000274658	-0.026242602616549	0.035152293741703
35.327999114990	-0.025803314521909	0.035812195390463
35.344001770020	-0.025347469374537	0.036471694707870
35.360000610352	-0.024874789640307	0.037130363285542
35.375999450684	-0.024384951218963	0.037787787616253
35.391998291016	-0.023877760395408	0.038443472236395
35.408000946045	-0.023352893069386	0.039096985012293
35.423999786377	-0.022810177877545	0.039747796952724
35.439998626709	-0.022249333560467	0.040395446121693
35.456001281738	-0.021670136600733	0.041039410978556
35.472000122070	-0.021072471514344	0.041679129004478
35.487998962402	-0.020456086844206	0.042314086109400
35.504001617432	-0.019820867106318	0.042943704873323
35.520000457764	-0.019166661426425	0.043567415326834
35.535999298096	-0.018493309617043	0.044184654951096
35.551998138428	-0.017800724133849	0.044794820249081
35.568000793457	-0.017088871449232	0.045397289097309
35.583999633789	-0.016357593238354	0.045991472899914
35.599998474121	-0.015606924891472	0.046576730906963
35.616001129150	-0.014836791902781	0.047152437269688
35.631999969482	-0.014047212898731	0.047717947512865
35.647998809814	-0.013238166458905	0.048272632062435
35.664001464844	-0.012409758754075	0.048815816640854
35.680000305176	-0.011562010273337	0.049346849322319
35.695999145508	-0.010695011354983	0.049865074455738
35.712001800537	-0.0098088625818491	0.050369821488857
35.728000640869	-0.0089037185534835	0.050860416144133
35.743999481201	-0.0079796751961112	0.051336199045181
35.759998321533	-0.0070369984023273	0.051796488463879
35.776000976562	-0.0060758059844375	0.052240602672100
35.791999816895	-0.0050963708199561	0.052667886018753
35.807998657227	-0.0040989113040268	0.053077653050423
35.824001312256	-0.0030837217345834	0.053469240665436
35.840000152588	-0.0020510957110673	0.053841970860958
35.855998992920	-0.0010013043647632	0.054195191711187
35.872001647949	6.5234380599577e-05	0.054528236389160
35.888000488281	0.0011481683468446	0.054840449243784
35.903999328613	0.0022471677511930	0.055131185799837
35.919998168945	0.0033617415465415	0.055399805307388
35.936000823975	0.0044915322214365	0.055645667016506
35.951999664307	0.0056360000744462	0.055868156254292
35.967998504639	0.0067946817725897	0.056066643446684
35.984001159668	0.0079671218991280	0.056240525096655
36.000000000000	0.0091527113690972	0.056389223784208
36.015998840332	0.010350942611694	0.056512132287025
36.032001495361	0.011561259627342	0.056608691811562
36.048000335693	0.012783022597432	0.056678339838982
36.063999176025	0.014015652239323	0.056720536202192
36.080001831055	0.015258463099599	0.056734744459391
36.096000671387	0.016510846093297	0.056720457971096
36.111999511719	0.017772087827325	0.056677181273699
36.127998352051	0.019041482359171	0.056604426354170
36.144001007080	0.020318347960711	0.056501723825932
36.159999847412	0.021601906046271	0.056368641555309
36.175998687744	0.022891407832503	0.056204758584499
36.192001342773	0.024186093360186	0.056009650230408
36.208000183105	0.025485150516033	0.055782936513424
36.223999023438	0.026787785813212	0.055524252355099
36.240001678467	0.028093153610826	0.055233262479305
36.256000518799	0.029400423169136	0.054909635335207
36.271999359131	0.030708730220795	0.054553076624870
36.287998199463	0.032017201185226	0.054163314402103
36.304000854492	0.033324945718050	0.053740087896585
36.319999694824	0.034631069749594	0.053283177316189
36.335998535156	0.035934660583735	0.052792374044657
36.352001190186	0.037234779447317	0.052267502993345
36.368000030518	0.038530509918928	0.051708422601223
36.383998870850	0.039820883423090	0.051114991307259
36.400001525879	0.041104953736067	0.050487134605646
36.416000366211	0.042381744831800	0.049824770539999
36.431999206543	0.043650288134813	0.049127846956253
36.448001861572	0.044909603893757	0.048396371304989
36.464000701904	0.046158686280251	0.047630339860916
36.479999542236	0.047396551817656	0.046829812228680
36.495998382568	0.048622194677591	0.045994840562344
36.512001037598	0.049834612756968	0.045125551521778
36.527999877930	0.051032792776823	0.044222071766853
36.543998718262	0.052215721458197	0.043284554034472
36.560001373291	0.053382389247417	0.042313206940889
36.576000213623	0.054531782865524	0.041308242827654
36.591999053955	0.055662881582975	0.040269918739796
36.608001708984	0.056774672120810	0.039198532700539
36.624000549316	0.057866148650646	0.038094393908978
36.639999389648	0.058936301618814	0.036957852542400
36.655998229980	0.059984121471643	0.035789288580418
36.672000885010	0.061008609831333	0.034589119255543
36.687999725342	0.062008775770664	0.033357795327902
36.703998565674	0.062983639538288	0.032095786184072
36.720001220703	0.063932195305824	0.030803598463535
36.736000061035	0.064853504300117	0.029481774196029
36.751998901367	0.065746583044529	0.028130885213614
36.768001556396	0.066610485315323	0.026751538738608
36.784000396729	0.067444279789925	0.025344368070364
36.799999237061	0.068247035145760	0.023910040035844
36.816001892090	0.069017849862576	0.022449253126979
36.832000732422	0.069755814969540	0.020962735638022
36.847999572754	0.070460058748722	0.019451247528195
36.863998413086	0.071129716932774	0.017915576696396
36.880001068115	0.071763947606087	0.016356548294425
36.895999908447	0.072361916303635	0.014775007963181
36.911998748779	0.072922825813293	0.013171836733818
36.928001403809	0.073445886373520	0.011547943577170
36.944000244141	0.073930338025093	0.0099042626097798
36.959999084473	0.074375443160534	0.0082417624071240
36.976001739502	0.074780493974686	0.0065614324994385
36.992000579834	0.075144790112972	0.0048642950132489
37.007999420166	0.075467683374882	0.0031513927970082
37.023998260498	0.075748525559902	0.0014237981522456
37.040000915527	0.075986720621586	-0.00031739295809530
37.055999755859	0.076181679964066	-0.0020710602402687
37.071998596191	0.076332874596119	-0.0038360594771802
37.088001251221	0.076439782977104	-0.0056112245656550
37.104000091553	0.076501905918121	-0.0073953685350716
37.119998931885	0.076518818736076	-0.0091872792690992
37.136001586914	0.076490089297295	-0.010985730215907
37.152000427246	0.076415352523327	-0.012789472937584
37.167999267578	0.076294243335724	-0.014597238041461
37.183998107910	0.076126456260681	-0.016407744958997
37.200000762939	0.075911745429039	-0.018219694495201
37.215999603271	0.075649842619896	-0.020031768828630
37.231998443604	0.075340583920479	-0.021842647343874
37.248001098633	0.074983805418015	-0.023650987073779
37.263999938965	0.074579373002052	-0.025455428287387
37.279998779297	0.074127249419689	-0.027254616841674
37.296001434326	0.073627360165119	-0.029047181829810
37.312000274658	0.073079749941826	-0.030831741169095
37.327999114990	0.072484448552132	-0.032606907188892
37.344001770020	0.071841567754745	-0.034371301531792
37.360000610352	0.071151241660118	-0.036123521625996
37.375999450684	0.070413634181023	-0.037862174212933
37.391998291016	0.069628991186619	-0.039585869759321
37.408000946045	0.068797580897808	-0.041293200105429
37.423999786377	0.067919708788395	-0.042982783168554
37.439998626709	0.066995732486248	-0.044653233140707
37.456001281738	0.066026076674461	-0.046303149312735
37.472000122070	0.065011166036129	-0.047931175678968
37.487998962402	0.063951499760151	-0.049535930156708
37.504001617432	0.062847636640072	-0.051116056740284
37.520000457764	0.061700124293566	-0.052670210599899
37.535999298096	0.060509625822306	-0.054197050631046
37.551998138428	0.059276789426804	-0.055695265531540
37.568000793457	0.058002345263958	-0.057163547724485
37.583999633789	0.056687049567699	-0.058600619435310
37.599998474121	0.055331699550152	-0.060005199164152
37.616001129150	0.053937144577503	-0.061376053839922
37.631999969482	0.052504289895296	-0.062711954116821
37.647998809814	0.051034044474363	-0.064011707901955
37.664001464844	0.049527380615473	-0.065274126827717
37.680000305176	0.047985326498747	-0.066498085856438
37.695999145508	0.046408932656050	-0.067682452499866
37.712001800537	0.044799279421568	-0.068826138973236
37.728000640869	0.043157510459423	-0.069928094744682
37.743999481201	0.041484773159027	-0.070987306535244
37.759998321533	0.039782300591469	-0.072002761065960
37.776000976562	0.038051303476095	-0.072973534464836
37.791999816895	0.036293063312769	-0.073898687958717
37.807998657227	0.034508898854256	-0.074777357280254
37.824001312256	0.032700125128031	-0.075608700513840
37.840000152588	0.030868126079440	-0.076391920447350
37.855998992920	0.029014291241765	-0.077126279473305
37.872001647949	0.027140043675900	-0.077811047434807
37.888000488281	0.025246853008866	-0.078445568680763
37.903999328613	0.023336157202721	-0.079029224812984
37.919998168945	0.021409483626485	-0.079561442136765
37.936000823975	0.019468354061246	-0.080041699111462
37.951999664307	0.017514294013381	-0.080469518899918
37.967998504639	0.015548873692751	-0.080844461917877
37.984001159668	0.013573672622442	-0.081166163086891
38.000000000000	0.011590274050832	-0.081434302031994
38.015998840332	0.0096002733334899	-0.081648595631123
38.032001495361	0.0076052956283092	-0.081808827817440
38.048000335693	0.0056069786660373	-0.081914827227592
38.063999176025	0.0036069345660508	-0.081966489553452
38.080001831055	0.0016068211989477	-0.081963732838631
38.096000671387	-0.00039172946708277	-0.081906571984291
38.111999511719	-0.0023870840668678	-0.081795044243336
38.127998352051	-0.0043775802478194	-0.081629253923893
38.144001007080	-0.0063615785911679	-0.081409350037575
38.159999847412	-0.0083374409005046	-0.081135548651218
38.175998687744	-0.010303531773388	-0.080808125436306
38.192001342773	-0.012258236296475	-0.080427393317223
38.208000183105	-0.014199915342033	-0.079993724822998
38.223999023438	-0.016126990318298	-0.079507544636726
38.240001678467	-0.018037861213088	-0.078969359397888
38.256000518799	-0.019930956885219	-0.078379683196545
38.271999359131	-0.021804705262184	-0.077739104628563
38.287998199463	-0.023657592013478	-0.077048271894455
38.304000854492	-0.025488069280982	-0.076307900249958
38.319999694824	-0.027294678613544	-0.075518704950809
38.335998535156	-0.029075944796205	-0.074681475758553
38.352001190186	-0.030830400064588	-0.073797091841698
38.368000030518	-0.032556690275669	-0.072866395115852
38.383998870850	-0.034253388643265	-0.071890369057655
38.400001525879	-0.035919137299061	-0.070869989693165
38.416000366211	-0.037552658468485	-0.069806285202503
38.431999206543	-0.039152681827545	-0.068700313568115
38.448001861572	-0.040717940777540	-0.067553207278252
38.464000701904	-0.042247258126736	-0.066366113722324
38.479999542236	-0.043739400804043	-0.065140269696712
38.495998382568	-0.045193359255791	-0.063876852393150
38.512001037598	-0.046608004719019	-0.062577165663242
38.527999877930	-0.047982279211283	-0.061242539435625
38.543998718262	-0.049315255135298	-0.059874273836613
38.560001373291	-0.050605986267328	-0.058473747223616
38.576000213623	-0.051853545010090	-0.057042397558689
38.591999053955	-0.053057156503201	-0.055581606924534
38.608001708984	-0.054215941578150	-0.054092895239592
38.624000549316	-0.055329274386168	-0.052577659487724
38.639999389648	-0.056396402418613	-0.051037464290857
38.655998229980	-0.057416711002588	-0.049473825842142
38.672000885010	-0.058389633893967	-0.047888271510601
38.687999725342	-0.059314601123333	-0.046282418072224
38.703998565674	-0.060191243886948	-0.044657718390226
38.720001220703	-0.061019066721201	-0.043015860021114
38.736000061035	-0.061797760426998	-0.041358400136232
38.751998901367	-0.062526978552341	-0.039686985313892
38.768001556396	-0.063206538558006	-0.038003154098988
38.784000396729	-0.063836216926575	-0.036308564245701
38.799999237061	-0.064415894448757	-0.034604839980602
38.816001892090	-0.064945511519909	-0.032893557101488
38.832000732422	-0.065425030887127	-0.031176373362541
38.847999572754	-0.065854519605637	-0.029454838484526
38.863998413086	-0.066234052181244	-0.027730625122786
38.880001068115	-0.066563807427883	-0.026005243882537
38.895999908447	-0.066843964159489	-0.024280354380608
38.911998748779	-0.067074805498123	-0.022557474672794
38.928001403809	-0.067256636917591	-0.020838188007474
38.944000244141	-0.067389838397503	-0.019123988226056
38.959999084473	-0.067474827170372	-0.017416447401047
38.976001739502	-0.067512087523937	-0.015716966241598
38.992000579834	-0.067502133548260	-0.014027112163603
39.007999420166	-0.067445538938046	-0.012348302640021
39.023998260498	-0.067342936992645	-0.010681954212487
39.040000915527	-0.067194998264313	-0.0090294582769275
39.055999755859	-0.067002438008785	-0.0073921387083828
39.071998596191	-0.066766008734703	-0.0057713976129889
39.088001251221	-0.066486537456512	-0.0041685244068503
39.104000091553	-0.066164858639240	-0.0025846578646451
39.119998931885	-0.065801866352558	-0.0010211705230176
39.136001586914	-0.065398484468460	0.00052084337221459
39.152000427246	-0.064955681562424	0.0020401584915817
39.167999267578	-0.064474448561668	0.0035357312299311
39.183998107910	-0.063955835998058	0.0050064851529896
39.200000762939	-0.063400916755199	0.0064514041878283
39.215999603271	-0.062810763716698	0.0078694717958570
39.231998443604	-0.062186524271965	0.0092598395422101
39.248001098633	-0.061529338359833	0.010621528141201
39.263999938965	-0.060840401798487	0.011953742243350
39.279998779297	-0.060120910406113	0.013255660422146
39.296001434326	-0.059372067451477	0.014526641927660
39.312000274658	-0.058595146983862	0.015765842050314
39.327999114990	-0.057791396975517	0.016972705721855
39.344001770020	-0.056962080299854	0.018146634101868
39.360000610352	-0.056108485907316	0.019287107512355
39.375999450684	-0.055231928825378	0.020393550395966
39.391998291016	-0.054333705455065	0.021465586498380
39.408000946045	-0.053415115922689	0.022502826526761
39.423999786377	-0.052477501332760	0.023504897952080
39.439998626709	-0.051522191613913	0.024471493437886
39.456001281738	-0.050550475716591	0.025402430444956
39.472000122070	-0.049563705921173	0.026297474280000
39.487998962402	-0.048563182353973	0.027156507596374
39.504001617432	-0.047550220042467	0.027979446575046
39.520000457764	-0.046526152640581	0.028766212984920
39.535999298096	-0.045492254197598	0.029516834765673
39.551998138428	-0.044449802488089	0.030231395736337
39.568000793457	-0.043400093913078	0.030909966677427
39.583999633789	-0.042344387620687	0.031552694737911
39.599998474121	-0.041283909231424	0.032159801572561
39.616001129150	-0.040219899266958	0.032731499522924
39.631999969482	-0.039153542369604	0.033268116414547
39.647998809814	-0.038086067885160	0.033769905567169
39.664001464844	-0.037018615752459	0.034237284213305
39.680000305176	-0.035952303558588	0.034670665860176
39.695999145508	-0.034888260066509	0.035070482641459
39.712001800537	-0.033827584236860	0.035437207669020
39.728000640869	-0.032771315425634	0.035771381109953
39.743999481201	-0.031720492988825	0.036073543131351
39.759998321533	-0.030676094815135	0.036344308406115
39.776000976562	-0.029639108106494	0.036584269255400
39.791999816895	-0.028610451146960	0.036794096231461
39.807998657227	-0.027591008692980	0.036974471062422
39.824001312256	-0.026581667363644	0.037126097828150
39.840000152588	-0.025583246722817	0.037249695509672
39.855998992920	-0.024596529081464	0.037346046417952
39.872001647949	-0.023622253909707	0.037415925413370
39.888000488281	-0.022661175578833	0.037460114806890
39.903999328613	-0.021713923662901	0.037479463964701
39.919998168945	-0.020781163126230	0.037474788725376
39.936000823975	-0.019863471388817	0.037446960806847
39.951999664307	-0.018961431458592	0.037396825850010
39.967998504639	-0.018075529485941	0.037325281649828
39.984001159668	-0.017206251621246	0.037233207374811
40.000000000000	-0.016354044899344	0.037121504545212
40.015998840332	-0.015519293956459	0.036991074681282
40.032001495361	-0.014702360145748	0.036842826753855
40.048000335693	-0.013903569430113	0.036677669733763
40.063999176025	-0.013123172335327	0.036496531218290
40.080001831055	-0.012361410073936	0.036300312727690
40.096000671387	-0.011618511751294	0.036089926958084
40.111999511719	-0.010894596576691	0.035866290330887
40.127998352051	-0.010189779102802	0.035630311816931
40.144001007080	-0.0095041925087571	0.035382863134146
40.159999847412	-0.0088378181681037	0.035124860703945
40.175998687744	-0.0081907035782933	0.034857172518969
40.192001342773	-0.0075628133490682	0.034580670297146
40.208000183105	-0.0069540841504931	0.034296203404665
40.223999023438	-0.0063643897883594	0.034004624933004
40.240001678467	-0.0057936571538448	0.033706750720739
40.256000518799	-0.0052416739054024	0.033403400331736
40.271999359131	-0.0047082686796784	0.033095359802246
40.287998199463	-0.0041931988671422	0.032783411443233
40.304000854492	-0.0036962321028113	0.032468304038048
40.319999694824	-0.0032170845661312	0.032150771468878
40.335998535156	-0.0027554417029023	0.031831525266171
40.352001190186	-0.0023109556641430	0.031511250883341
40.368000030518	-0.0018833115464076	0.031190617009997
40.383998870850	-0.0014720627805218	0.030870262533426
40.400001525879	-0.0010768567444757	0.030550798401237
40.416000366211	-0.00069727282971144	0.030232816934586
40.431999206543	-0.00033282698132098	0.029916876927018
40.448001861572	1.6897271052585e-05	0.029603511095047
40.464000701904	0.00035240460420027	0.029293231666088
40.479999542236	0.00067417183890939	0.028986511752009
40.495998382568	0.00098271644674242	0.028683802112937
40.512001037598	0.0012785395374522	0.028385523706675
40.527999877930	0.0015621918719262	0.028092069551349
40.543998718262	0.0018341911491007	0.027803797274828
40.560001373291	0.0020950748585165	0.027521047741175
40.576000213623	0.0023454362526536	0.027244113385677
40.591999053955	0.0025857810396701	0.026973279193044
40.608001708984	0.0028166938573122	0.026708785444498
40.624000549316	0.0030387588776648	0.026450842618942
40.639999389648	0.0032524960115552	0.026199644431472
40.655998229980	0.0034584996756166	0.025955347344279
40.672000885010	0.0036573235411197	0.025718078017235
40.687999725342	0.0038495296612382	0.025487937033176
40.703998565674	0.0040356772951782	0.025265004485846
40.720001220703	0.0042163077741861	0.025049321353436
40.736000061035	0.0043919701129198	0.024840909987688
40.751998901367	0.0045632086694241	0.024639762938023
40.768001556396	0.0047305258922279	0.024445852264762
40.784000396729	0.0048944801092148	0.024259116500616
40.799999237061	0.0050555402413011	0.024079483002424
40.816001892090	0.0052142175845802	0.023906845599413
40.832000732422	0.0053710080683231	0.023741073906422
40.847999572754	0.0055263568647206	0.023582030087709
40.863998413086	0.0056807505898178	0.023429539054632
40.880001068115	0.0058346041478217	0.023283412680030
40.895999908447	0.0059883422218263	0.023143453523517
40.911998748779	0.0061423848383129	0.023009430617094
40.928001403809	0.0062971184961498	0.022881101816893
40.944000244141	0.0064529040828347	0.022758213803172
40.959999084473	0.0066101043485105	0.022640494629741
40.976001739502	0.0067690676078200	0.022527653723955
40.992000579834	0.0069300886243582	0.022419394925237
41.007999420166	0.0070934747345746	0.022315410897136
41.023998260498	0.0072594992816448	0.022215377539396
41.040000915527	0.0074284058064222	0.022118967026472
41.055999755859	0.0076004494912922	0.022025834769011
41.071998596191	0.0077758338302374	0.021935638040304
41.088001251221	0.0079547539353371	0.021848021075130
41.104000091553	0.0081373844295740	0.021762626245618
41.119998931885	0.0083238715305924	0.021679092198610
41.136001586914	0.0085143540054560	0.021597048267722
41.152000427246	0.0087089398875833	0.021516129374504
41.167999267578	0.0089077074080706	0.021435968577862
41.183998107910	0.0091107403859496	0.021356191486120
41.200000762939	0.0093180602416396	0.021276438608766
41.215999603271	0.0095297321677208	0.021196328103542
41.231998443604	0.0097457328811288	0.021115509793162
41.248001098633	0.0099660679697990	0.021033614873886
41.263999938965	0.010190716944635	0.020950283855200
41.279998779297	0.010419593192637	0.020865183323622
41.296001434326	0.010652677156031	0.020777946338058
41.312000274658	0.010889854282141	0.020688254386187
41.327999114990	0.011131031438708	0.020595770329237
41.344001770020	0.011376086622477	0.020500173792243
41.360000610352	0.011624892242253	0.020401159301400
41.375999450684	0.011877287179232	0.020298421382904
41.391998291016	0.012133131735027	0.020191667601466
41.408000946045	0.012392241507769	0.020080612972379
41.423999786377	0.012654415331781	0.019965000450611
41.439998626709	0.012919459491968	0.019844567403197
41.456001281738	0.013187143020332	0.019719086587429
41.472000122070	0.013457265682518	0.019588308408856
41.487998962402	0.013729572296143	0.019452029839158
41.504001617432	0.014003833755851	0.019310042262077
41.520000457764	0.014279782772064	0.019162165001035
41.535999298096	0.014557162299752	0.019008222967386
41.551998138428	0.014835717156529	0.018848048523068
41.568000793457	0.015115159563720	0.018681509420276
41.583999633789	0.015395208261907	0.018508477136493
41.599998474121	0.015675580129027	0.018328838050365
41.616001129150	0.015955990180373	0.018142493441701
41.631999969482	0.016236146911979	0.017949359491467
41.647998809814	0.016515772789717	0.017749356105924
41.664001464844	0.016794543713331	0.017542460933328
41.680000305176	0.017072184011340	0.017328614369035
41.695999145508	0.017348397523165	0.017107797786593
41.712001800537	0.017622878775001	0.016880016773939
41.728000640869	0.017895355820656	0.016645250841975
41.743999481201	0.018165521323681	0.016403548419476
41.759998321533	0.018433099612594	0.016154926270247
41.776000976562	0.018697790801525	0.015899458900094
41.791999816895	0.018959332257509	0.015637181699276
41.807998657227	0.019217448309064	0.015368177555501
41.824001312256	0.019471870735288	0.015092531219125
41.840000152588	0.019722323864698	0.014810368418694
41.855998992920	0.019968565553427	0.014521766453981
41.872001647949	0.020210342481732	0.014226872473955
41.888000488281	0.020447410643101	0.013925815001130
41.903999328613	0.020679544657469	0.013618730939925
41.919998168945	0.020906519144773	0.013305777683854
41.936000823975	0.021128110587597	0.012987129390240
41.951999664307	0.021344117820263	0.012662954628468
41.967998504639	0.021554354578257	0.012333403341472
41.984001159668	0.021758610382676	0.011998714879155
42.000000000000	0.021956736221910	0.011659040115774
42.015998840332	0.022148542106152	0.011314609088004
42.032001495361	0.022333888337016	0.010965608060360
42.048000335693	0.022512625902891	0.010612262412906
42.063999176025	0.022684613242745	0.010254791006446
42.080001831055	0.022849738597870	0.0098933987319469
42.096000671387	0.023007886484265	0.0095283146947622
42.111999511719	0.023158958181739	0.0091597642749548
42.127998352051	0.023302851244807	0.0087879952043295
42.144001007080	0.023439500480890	0.0084132188931108
42.159999847412	0.023568835109472	0.0080356542021036
42.175998687744	0.023690795525908	0.0076555628329515
42.192001342773	0.023805337026715	0.0072731575928628
42.208000183105	0.023912424221635	0.0068886666558683
42.223999023438	0.024012032896280	0.0065023284405470
42.240001678467	0.024104140698910	0.0061143701896071
42.256000518799	0.024188749492168	0.0057250214740634
42.271999359131	0.024265864863992	0.0053344960324466
42.287998199463	0.024335505440831	0.0049429852515459
42.304000854492	0.024397680535913	0.0045507582835853
42.319999694824	0.024452432990074	0.0041580037213862
42.335998535156	0.024499800056219	0.0037649280857295
42.352001190186	0.024539830163121	0.0033717246260494
42.368000030518	0.024572588503361	0.0029785842634737
42.383998870850	0.024598125368357	0.0025857274886221
42.400001525879	0.024616522714496	0.0021933263633400
42.416000366211	0.024627853184938	0.0018015475943685
42.431999206543	0.024632200598717	0.0014105775626376
42.448001861572	0.024629658088088	0.0010205748258159
42.464000701904	0.024620318785310	0.00063171650981531
42.479999542236	0.024604281410575	0.00024411632330157
42.495998382568	0.024581650272012	-0.00014203460887074
42.512001037598	0.024552535265684	-0.00052663258975372
42.527999877930	0.024517048150301	-0.00090954377083108
42.543998718262	0.024475302547216	-0.0012906162301078
42.560001373291	0.024427413940430	-0.0016697731334716
42.576000213623	0.024373507127166	-0.0020468735601753
42.591999053955	0.024313697591424	-0.0024218510370702
42.608001708984	0.024248111993074	-0.0027945863548666
42.624000549316	0.024176871404052	-0.0031650124583393
42.639999389648	0.024100096896291	-0.0035330315586179
42.655998229980	0.024017916992307	-0.0038985873106867
42.672000885010	0.023930447176099	-0.0042616268619895
42.687999725342	0.023837817832828	-0.0046220677904785
42.703998565674	0.023740142583847	-0.0049798903055489
42.720001220703	0.023637538775802	-0.0053350436501205
42.736000061035	0.023530136793852	-0.0056874603033066
42.751998901367	0.023418035358191	-0.0060371556319296
42.768001556396	0.023301359266043	-0.0063840807415545
42.784000396729	0.023180207237601	-0.0067282235249877
42.799999237061	0.023054683580995	-0.0070695886388421
42.816001892090	0.022924900054932	-0.0074081369675696
42.832000732422	0.022790951654315	-0.0077438792213798
42.847999572754	0.022652925923467	-0.0080768261104822
42.863998413086	0.022510917857289	-0.0084069836884737
42.880001068115	0.022365005686879	-0.0087343659251928
42.895999908447	0.022215276956558	-0.0090589718893170
42.911998748779	0.022061809897423	-0.0093808220699430
42.928001403809	0.021904660388827	-0.0096999583765864
42.944000244141	0.021743906661868	-0.010016382671893
42.959999084473	0.021579602733254	-0.010330128483474
42.976001739502	0.021411808207631	-0.010641210712492
42.992000579834	0.021240564063191	-0.010949674062431
43.007999420166	0.021065922454000	-0.011255544610322
43.023998260498	0.020887911319733	-0.011558853089809
43.040000915527	0.020706579089165	-0.011859617196023
43.055999755859	0.020521936938167	-0.012157886289060
43.071998596191	0.020334020256996	-0.012453674338758
43.088001251221	0.020142842084169	-0.012747023254633
43.104000091553	0.019948415458202	-0.013037948869169
43.119998931885	0.019750738516450	-0.013326499611139
43.136001586914	0.019549829885364	-0.013612670823932
43.152000427246	0.019345670938492	-0.013896513730288
43.167999267578	0.019138267263770	-0.014178029261529
43.183998107910	0.018927602097392	-0.014457247219980
43.200000762939	0.018713660538197	-0.014734177850187
43.215999603271	0.018496414646506	-0.015008841641247
43.231998443604	0.018275860697031	-0.015281233005226
43.248001098633	0.018051961436868	-0.015551362186670
43.263999938965	0.017824672162533	-0.015819247812033
43.279998779297	0.017594000324607	-0.016084844246507
43.296001434326	0.017359862104058	-0.016348198056221
43.312000274658	0.017122257500887	-0.016609253361821
43.327999114990	0.016881138086319	-0.016868008300662
43.344001770020	0.016636444255710	-0.017124455422163
43.360000610352	0.016388144344091	-0.017378557473421
43.375999450684	0.016136212274432	-0.017630273476243
43.391998291016	0.015880592167377	-0.017879569903016
43.408000946045	0.015621219761670	-0.018126428127289
43.423999786377	0.015358067117631	-0.018370781093836
43.439998626709	0.015091093257070	-0.018612578511238
43.456001281738	0.014820241369307	-0.018851768225431
43.472000122070	0.014545486308634	-0.019088279455900
43.487998962402	0.014266763813794	-0.019322056323290
43.504001617432	0.013984048739076	-0.019553020596504
43.520000457764	0.013697278685868	-0.019781107082963
43.535999298096	0.013406455516815	-0.020006204023957
43.551998138428	0.013111511245370	-0.020228251814842
43.568000793457	0.012812431901693	-0.020447146147490
43.583999633789	0.012509169057012	-0.020662799477577
43.599998474121	0.012201717123389	-0.020875105634332
43.616001129150	0.011890077032149	-0.021083937957883
43.631999969482	0.011574186384678	-0.021289214491844
43.647998809814	0.011254006065428	-0.021490838378668
43.664001464844	0.010929618962109	-0.021688641980290
43.680000305176	0.010600938461721	-0.021882545202971
43.695999145508	0.010268027894199	-0.022072399035096
43.712001800537	0.0099307941272855	-0.022258115932345
43.728000640869	0.0095893805846572	-0.022439509630203
43.743999481201	0.0092436913400888	-0.022616494446993
43.759998321533	0.0088937953114510	-0.022788919508457
43.776000976562	0.0085396990180016	-0.022956654429436
43.791999816895	0.0081814806908369	-0.023119544610381
43.807998657227	0.0078191114589572	-0.023277474567294
43.824001312256	0.0074527012184262	-0.023430285975337
43.840000152588	0.0070822308771312	-0.023577855899930
43.855998992920	0.0067078201100230	-0.023720024153590
43.872001647949	0.0063294805586338	-0.023856667801738
43.888000488281	0.0059473207220435	-0.023987632244825
43.903999328613	0.0055613955482841	-0.024112783372402
43.919998168945	0.0051717786118388	-0.024231983348727
43.936000823975	0.0047785802744329	-0.024345088750124
43.951999664307	0.0043818484991789	-0.024451967328787
43.967998504639	0.0039817285723984	-0.024552483111620
43.984001159668	0.0035783010534942	-0.024646498262882
44.000000000000	0.0031717338133603	-0.024733878672123
44.015998840332	0.0027620345354080	-0.024814510717988
44.032001495361	0.0023494162596762	-0.024888254702091
44.048000335693	0.0019339552382007	-0.024954997003078
44.063999176025	0.0015158031601459	-0.025014614686370
44.080001831055	0.0010951043805107	-0.025066992267966
44.096000671387	0.00067199632758275	-0.025112017989159
44.111999511719	0.00024665615637787	-0.025149585679173
44.127998352051	-0.00018083046597894	-0.025179589167237
44.144001007080	-0.00061021791771054	-0.025201935321093
44.159999847412	-0.0010414369171485	-0.025216527283192
44.175998687744	-0.0014742700150236	-0.025223275646567
44.192001342773	-0.0019085687818006	-0.025222092866898
44.208000183105	-0.0023441330995411	-0.025212908163667
44.223999023438	-0.0027807836886495	-0.025195645168424
44.240001678467	-0.0032183625735343	-0.025170234963298
44.256000518799	-0.0036567091010511	-0.025136612355709
44.271999359131	-0.0040955878794193	-0.025094730779529
44.287998199463	-0.0045348326675594	-0.025044528767467
44.304000854492	-0.0049742530100048	-0.024985970929265
44.319999694824	-0.0054136780090630	-0.024919006973505
44.335998535156	-0.0058528655208647	-0.024843623861670
44.352001190186	-0.0062916665337980	-0.024759775027633
44.368000030518	-0.0067298826761544	-0.024667447432876
44.383998870850	-0.0071672918274999	-0.024566628038883
44.400001525879	-0.0076037188991904	-0.024457307532430
44.416000366211	-0.0080389622598886	-0.024339484050870
44.431999206543	-0.0084727993234992	-0.024213165044785
44.448001861572	-0.0089050531387329	-0.024078361690044
44.464000701904	-0.0093355467543006	-0.023935075849295
44.479999542236	-0.0097640575841069	-0.023783342912793
44.495998382568	-0.010190408676863	-0.023623179644346
44.512001037598	-0.010614399798214	-0.023454621434212
44.527999877930	-0.011035837233067	-0.023277712985873
44.543998718262	-0.011454520747066	-0.023092499002814
44.560001373291	-0.011870258487761	-0.022899027913809
44.576000213623	-0.012282898649573	-0.022697340697050
44.591999053955	-0.012692228890955	-0.022487508133054
44.608001708984	-0.013098056428134	-0.022269599139690
44.624000549316	-0.013500219210982	-0.022043680772185
44.639999389648	-0.013898529112339	-0.021809825673699
44.655998229980	-0.014292841777205	-0.021568091586232
44.672000885010	-0.014682939276099	-0.021318599581718
44.687999725342	-0.015068678185344	-0.021061407402158
44.703998565674	-0.015449867583811	-0.020796636119485
44.720001220703	-0.015826391056180	-0.020524336025119
44.736000061035	-0.016198057681322	-0.020244633778930
44.751998901367	-0.016564717516303	-0.019957622513175
44.768001556396	-0.016926210373640	-0.019663415849209
44.784000396729	-0.017282370477915	-0.019362132996321
44.799999237061	-0.017633114010096	-0.019053833559155
44.816001892090	-0.017978232353926	-0.018738687038422
44.832000732422	-0.018317621201277	-0.018416773527861
44.847999572754	-0.018651118502021	-0.018088243901730
44.863998413086	-0.018978610634804	-0.017753198742867
44.880001068115	-0.019299974665046	-0.017411753535271
44.895999908447	-0.019615080207586	-0.017064033076167
44.911998748779	-0.019923796877265	-0.016710177063942
44.928001403809	-0.020225999876857	-0.016350315883756
44.944000244141	-0.020521596074104	-0.015984561294317
44.959999084473	-0.020810455083847	-0.015613056719303
44.976001739502	-0.021092467010021	-0.015235939994454
44.992000579834	-0.021367540583014	-0.014853323809803
45.007999420166	-0.021635552868247	-0.014465362764895
45.023998260498	-0.021896423771977	-0.014072177000344
45.040000915527	-0.022150034084916	-0.013673924840987
45.055999755859	-0.022396316751838	-0.013270705938339
45.071998596191	-0.022635148838162	-0.012862703762949
45.088001251221	-0.022866476327181	-0.012449996545911
45.104000091553	-0.023090183734894	-0.012032771483064
45.119998931885	-0.023306187242270	-0.011611176654696
45.136001586914	-0.023514429107308	-0.011185290291905
45.152000427246	-0.023714795708656	-0.010755328461528
45.167999267578	-0.023907229304314	-0.010321394540370
45.183998107910	-0.024091655388474	-0.0098836170509458
45.200000762939	-0.024267997592688	-0.0094421450048685
45.215999603271	-0.024436183273792	-0.0089971339330077
45.231998443604	-0.024596130475402	-0.0085487337782979
45.248001098633	-0.024747783318162	-0.0080970777198672
45.263999938965	-0.024891084060073	-0.0076422756537795
45.279998779297	-0.025025935843587	-0.0071845529600978
45.296001434326	-0.025152305141091	-0.0067239729687572
45.312000274658	-0.025270104408264	-0.0062607685104012
45.327999114990	-0.025379301980138	-0.0057949791662395
45.344001770020	-0.025479810312390	-0.0053268633782864
45.360000610352	-0.025571582838893	-0.0048565114848316
45.375999450684	-0.025654571130872	-0.0043840394355357
45.391998291016	-0.025728702545166	-0.0039096870459616
45.408000946045	-0.025793930515647	-0.0034335481468588
45.423999786377	-0.025850197300315	-0.0029558171518147
45.439998626709	-0.025897460058331	-0.0024766402784735
45.456001281738	-0.025935662910342	-0.0019961162470281
45.472000122070	-0.025964757427573	-0.0015145182842389
45.487998962402	-0.025984695181251	-0.0010318990098312
45.504001617432	-0.025995431467891	-0.00054848630679771
45.520000457764	-0.025996923446655	-6.4435480453540e-05
45.535999298096	-0.025989128276706	0.00042007135925815
45.551998138428	-0.025972003117204	0.00090489955618978
45.568000793457	-0.025945514440536	0.0013898379402235
45.583999633789	-0.025909621268511	0.0018747475696728
45.599998474121	-0.025864291936159	0.0023594130761921
45.616001129150	-0.025809487327933	0.0028437157161534
45.631999969482	-0.025745190680027	0.0033273859880865
45.647998809814	-0.025671370327473	0.0038102767430246
45.664001464844	-0.025587996467948	0.0042922110296786
45.680000305176	-0.025495059788227	0.0047729648649693
45.695999145508	-0.025392526760697	0.0052524060010910
45.712001800537	-0.025280404835939	0.0057302550412714
45.728000640869	-0.025158667936921	0.0062063517980278
45.743999481201	-0.025027310475707	0.0066805104725063
45.759998321533	-0.024886330589652	0.0071525168605149
45.776000976562	-0.024735741317272	0.0076221083290875
45.791999816895	-0.024575535207987	0.0080891391262412
45.807998657227	-0.024405721575022	0.0085533922538161
45.824001312256	-0.024226343259215	0.0090145748108625
45.840000152588	-0.024037383496761	0.0094725573435426
45.855998992920	-0.023838885128498	0.0099270930513740
45.872001647949	-0.023630876094103	0.010377956554294
45.888000488281	-0.023413404822350	0.010824898257852
45.903999328613	-0.023186516016722	0.011267689056695
45.919998168945	-0.022950246930122	0.011706123128533
45.936000823975	-0.022704659029841	0.012139971368015
45.951999664307	-0.022449817508459	0.012568979524076
45.967998504639	-0.022185785695910	0.012992940843105
45.984001159668	-0.021912647411227	0.013411600142717
46.000000000000	-0.021630495786667	0.013824707828462
46.015998840332	-0.021339409053326	0.014232052490115
46.032001495361	-0.021039495244622	0.014633384533226
46.048000335693	-0.020730858668685	0.015028475783765
46.063999176025	-0.020413590595126	0.015417116694152
46.080001831055	-0.020087869837880	0.015798998996615
46.096000671387	-0.019753774628043	0.016173962503672
46.111999511719	-0.019411470741034	0.016541741788387
46.127998352051	-0.019061109051108	0.016902098432183
46.144001007080	-0.018702821806073	0.017254833132029
46.159999847412	-0.018336798995733	0.017599694430828
46.175998687744	-0.017963198944926	0.017936471849680
46.192001342773	-0.017582209780812	0.018264940008521
46.208000183105	-0.017194043844938	0.018584862351418
46.223999023438	-0.016798850148916	0.018896071240306
46.240001678467	-0.016396855935454	0.019198341295123
46.256000518799	-0.015988320112228	0.019491435959935
46.271999359131	-0.015573427081108	0.019775189459324
46.287998199463	-0.015152390114963	0.020049419254065
46.304000854492	-0.014725489541888	0.020313914865255
46.319999694824	-0.014292952604592	0.020568510517478
46.335998535156	-0.013855054043233	0.020813019946218
46.352001190186	-0.013412012718618	0.021047307178378
46.368000030518	-0.012964157387614	0.021271180361509
46.383998870850	-0.012511759996414	0.021484490483999
46.400001525879	-0.012055040337145	0.021687135100365
46.416000366211	-0.011594363488257	0.021878942847252
46.431999206543	-0.011130001395941	0.022059801965952
46.448001861572	-0.010662246495485	0.022229608148336
46.464000701904	-0.010191421024501	0.022388247773051
46.479999542236	-0.0097178500145674	0.022535625845194
46.495998382568	-0.0092418184503913	0.022671669721603
46.512001037598	-0.0087636597454548	0.022796308621764
46.527999877930	-0.0082837305963039	0.022909468039870
46.543998718262	-0.0078023276291788	0.023011112585664
46.560001373291	-0.0073198322206736	0.023101182654500
46.576000213623	-0.0068365447223186	0.023179674521089
46.591999053955	-0.0063528078608215	0.023246565833688
46.608001708984	-0.0058689643628895	0.023301854729652
46.624000549316	-0.0053853150457144	0.023345563560724
46.639999389648	-0.0049023143947124	0.023377688601613
46.655998229980	-0.0044201714918017	0.023398295044899
46.672000885010	-0.0039393394254148	0.023407410830259
46.687999725342	-0.0034600670915097	0.023405112326145
46.703998565674	-0.0029827810358256	0.023391459137201
46.720001220703	-0.0025077476166189	0.023366548120975
46.736000061035	-0.0020353405270725	0.023330476135015
46.751998901367	-0.0015658854972571	0.023283351212740
46.768001556396	-0.0010997024364769	0.023225307464600
46.784000396729	-0.00063710653921589	0.023156477138400
46.799999237061	-0.00017842870147433	0.023077009245753
46.816001892090	0.00027602870250121	0.022987067699432
46.832000732422	0.00072594860102981	0.022886827588081
46.847999572754	0.0011710433755070	0.022776473313570
46.863998413086	0.0016110336873680	0.022656200453639
46.880001068115	0.0020456053316593	0.022526221349835
46.895999908447	0.0024744968395680	0.022386752068996
46.911998748779	0.0028974569868296	0.022238023579121
46.928001403809	0.0033142010215670	0.022080279886723
46.944000244141	0.0037244767881930	0.021913768723607
46.959999084473	0.0041281068697572	0.021738745272160
46.976001739502	0.0045248190872371	0.021555481478572
46.992000579834	0.0049143969081342	0.021364256739616
47.007999420166	0.0052966549992561	0.021165348589420
47.023998260498	0.0056714010424912	0.020959051325917
47.040000915527	0.0060384362004697	0.020745672285557
47.055999755859	0.0063976328819990	0.020525502040982
47.071998596191	0.0067488201893866	0.020298857241869
47.088001251221	0.0070918384008110	0.020066063851118
47.104000091553	0.0074265827424824	0.019827431067824
47.119998931885	0.0077529610134661	0.019583279266953
47.136001586914	0.0080708386376500	0.019333949312568
47.152000427246	0.0083801336586475	0.019079770892859
47.167999267578	0.0086808325722814	0.018821053206921
47.183998107910	0.0089728105813265	0.018558159470558
47.200000762939	0.0092560816556215	0.018291400745511
47.215999603271	0.0095306187868118	0.018021108582616
47.231998443604	0.0097963586449623	0.017747642472386
47.248001098633	0.010053358040750	0.017471304163337
47.263999938965	0.010301615111530	0.017192436382174
47.279998779297	0.010541161522269	0.016911366954446
47.296001434326	0.010772040113807	0.016628414392471
47.312000274658	0.010994322597980	0.016343889757991
47.327999114990	0.011208083480597	0.016058115288615
47.344001770020	0.011413415893912	0.015771383419633
47.360000610352	0.011610400862992	0.015484013594687
47.375999450684	0.011799171566963	0.015196283347905
47.391998291016	0.011979833245277	0.014908498153090
47.408000946045	0.012152554467320	0.014620909467340
47.423999786377	0.012317446991801	0.014333819970489
47.439998626709	0.012474725954235	0.014047442935407
47.456001281738	0.012624505907297	0.013762077316642
47.472000122070	0.012767017818987	0.013477917760611
47.487998962402	0.012902436777949	0.013195212930441
47.504001617432	0.013030937872827	0.012914198450744
47.520000457764	0.013152761384845	0.012635053135455
47.535999298096	0.013268121518195	0.012357974424958
47.551998138428	0.013377238996327	0.012083142995834
47.568000793457	0.013480350375175	0.011810722760856
47.583999633789	0.013577672652900	0.011540888808668
47.599998474121	0.013669480569661	0.011273748241365
47.616001129150	0.013755995780230	0.011009453795850
47.631999969482	0.013837479054928	0.010748103260994
47.647998809814	0.013914192095399	0.010489794425666
47.664001464844	0.013986381702125	0.010234614834189
47.680000305176	0.014054312370718	0.0099826268851757
47.695999145508	0.014118230901659	0.0097339022904634
47.712001800537	0.014178403653204	0.0094884680584073
47.728000640869	0.014235093258321	0.0092463502660394
47.743999481201	0.014288559556007	0.0090075442567468
47.759998321533	0.014339047484100	0.0087720677256584
47.776000976562	0.014386801049113	0.0085399150848389
47.791999816895	0.014432081952691	0.0083110285922885
47.807998657227	0.014475127682090	0.0080853728577495
47.824001312256	0.014516178518534	0.0078628873452544
47.840000152588	0.014555458910763	0.0076435059309006
47.855998992920	0.014593195170164	0.0074271536432207
47.872001647949	0.014629607088864	0.0072137201204896
47.888000488281	0.014664910733700	0.0070030884817243
47.903999328613	0.014699299819767	0.0067951478995383
47.919998168945	0.014732967130840	0.0065897684544325
47.936000823975	0.014766091480851	0.0063868123106658
47.951999664307	0.014798847027123	0.0061861239373684
47.967998504639	0.014831392094493	0.0059875394217670
47.984001159668	0.014863883145154	0.0057908771559596
48.000000000000	0.014896444045007	0.0055959937162697
48.015998840332	0.014929209835827	0.0054026665166020
48.032001495361	0.014962280169129	0.0052107442170382
48.048000335693	0.014995769597590	0.0050199828110635
48.063999176025	0.015029746107757	0.0048302202485502
48.080001831055	0.015064290724695	0.0046412344090641
48.096000671387	0.015099462121725	0.0044528013095260
48.111999511719	0.015135299414396	0.0042647202499211
48.127998352051	0.015171831473708	0.0040767746977508
48.144001007080	0.015209077857435	0.0038887320552021
48.159999847412	0.015247027389705	0.0037004151381552
48.175998687744	0.015285672619939	0.0035115722566843
48.192001342773	0.015324987471104	0.0033219805918634
48.208000183105	0.015364920720458	0.0031314603984356
48.223999023438	0.015405418351293	0.0029397718608379
48.240001678467	0.015446407720447	0.0027467356994748
48.256000518799	0.015487808734179	0.0025520981289446
48.271999359131	0.015529510565102	0.0023557252716273
48.287998199463	0.015571406111121	0.0021573952399194
48.304000854492	0.015613373368979	0.0019569038413465
48.319999694824	0.015655266121030	0.0017541082343087
48.335998535156	0.015696940943599	0.0015487938653678
48.352001190186	0.015738226473331	0.0013408694649115
48.368000030518	0.015778953209519	0.0011301283957437
48.383998870850	0.015818936750293	0.00091645825887099
48.400001525879	0.015857983380556	0.00069972162600607
48.416000366211	0.015895886346698	0.00047980173258111
48.431999206543	0.015932433307171	0.00025657325750217
48.448001861572	0.015967400744557	2.9993021598784e-05
48.464000701904	0.016000563278794	-0.00020006578415632
48.479999542236	0.016031682491302	-0.00043364628800191
48.495998382568	0.016060516238213	-0.00067079858854413
48.512001037598	0.016086818650365	-0.00091156392591074
48.527999877930	0.016110340133309	-0.0011559746926650
48.543998718262	0.016130823642015	-0.0014040231471881
48.560001373291	0.016148015856743	-0.0016557063208893
48.576000213623	0.016161648556590	-0.0019110115244985
48.591999053955	0.016171468421817	-0.0021698849741369
48.608001708984	0.016177214682102	-0.0024322762619704
48.624000549316	0.016178626567125	-0.0026981253176928
48.639999389648	0.016175445169210	-0.0029673287644982
48.655998229980	0.016167411580682	-0.0032398186158389
48.672000885010	0.016154281795025	-0.0035154386423528
48.687999725342	0.016135808080435	-0.0037940661422908
48.703998565674	0.016111735254526	-0.0040755993686616
48.720001220703	0.016081847250462	-0.0043598003685474
48.736000061035	0.016045894473791	-0.0046465583145618
48.751998901367	0.016003668308258	-0.0049356450326741
48.768001556396	0.015954950824380	-0.0052268817089498
48.784000396729	0.015899548307061	-0.0055200019851327
48.799999237061	0.015837246552110	-0.0058148526586592
48.816001892090	0.015767885372043	-0.0061111161485314
48.832000732422	0.015691280364990	-0.0064085884951055
48.847999572754	0.015607286244631	-0.0067069656215608
48.863998413086	0.015515739098191	-0.0070060086436570
48.880001068115	0.015416517853737	-0.0073054125532508
48.895999908447	0.015309500508010	-0.0076048932969570
48.911998748779	0.015194591134787	-0.0079041318967938
48.928001403809	0.015071693807840	-0.0082028312608600
48.944000244141	0.014940747991204	-0.0085006617009640
48.959999084473	0.014801692217588	-0.0087973000481725
48.976001739502	0.014654481783509	-0.0090924380347133
48.992000579834	0.014499085955322	-0.0093857459723949
49.007999420166	0.014335517771542	-0.0096768662333488
49.023998260498	0.014163773506880	-0.0099654812365770
49.040000915527	0.013983898796141	-0.010251232422888
49.055999755859	0.013795915059745	-0.010533814318478
49.071998596191	0.013599907979369	-0.010812856256962
49.088001251221	0.013395946472883	-0.011088045313954
49.104000091553	0.013184130191803	-0.011359043419361
49.119998931885	0.012964568100870	-0.011625527404249
49.136001586914	0.012737407349050	-0.011887160129845
49.152000427246	0.012502778321505	-0.012143641710281
49.167999267578	0.012260872870684	-0.012394634075463
49.183998107910	0.012011840008199	-0.012639866210520
49.200000762939	0.011755891144276	-0.012879026122391
49.215999603271	0.011493255384266	-0.013111814856529
49.231998443604	0.011224125511944	-0.013337989337742
49.248001098633	0.010948779061437	-0.013557246886194
49.263999938965	0.010667439550161	-0.013769366778433
49.279998779297	0.010380400344729	-0.013974087312818
49.296001434326	0.010087930597365	-0.014171188697219
49.312000274658	0.0097903227433562	-0.014360455796123
49.327999114990	0.0094878803938627	-0.014541693031788
49.344001770020	0.0091809192672372	-0.014714716002345
49.360000610352	0.0088697439059615	-0.014879360795021
49.375999450684	0.0085547156631947	-0.015035465359688
49.391998291016	0.0082361549139023	-0.015182902105153
49.408000946045	0.0079143932089210	-0.015321562997997
49.423999786377	0.0075898058712482	-0.015451331622899
49.439998626709	0.0072627183981240	-0.015572143718600
49.456001281738	0.0069334986619651	-0.015683926641941
49.472000122070	0.0066025359556079	-0.015786623582244
49.487998962402	0.0062701306305826	-0.015880236402154
49.504001617432	0.0059367008507252	-0.015964731574059
49.520000457764	0.0056025744415820	-0.016040129587054
49.535999298096	0.0052681257948279	-0.016106460243464
49.551998138428	0.0049337064847350	-0.016163766384125
49.568000793457	0.0045996517874300	-0.016212118789554
49.583999633789	0.0042663225904107	-0.016251601278782
49.599998474121	0.0039340746589005	-0.016282306984067
49.616001129150	0.0036031925119460	-0.016304366290569
49.631999969482	0.0032740493770689	-0.016317905858159
49.647998809814	0.0029469609726220	-0.016323074698448
49.664001464844	0.0026221892330796	-0.016320051625371
49.680000305176	0.0023000782821327	-0.016309009864926
49.695999145508	0.0019808989018202	-0.016290148720145
49.712001800537	0.0016649106983095	-0.016263678669930
49.728000640869	0.0013523621018976	-0.016229828819633
49.743999481201	0.0010435341391712	-0.016188830137253
49.759998321533	0.00073861802229658	-0.016140934079885
49.776000976562	0.00043785289744847	-0.016086399555206
49.791999816895	0.00014141762221698	-0.016025491058826
49.807998657227	-0.00015047728084028	-0.015958489850163
49.824001312256	-0.00043769707554020	-0.015885679051280
49.840000152588	-0.00072007614653558	-0.015807351097465
49.855998992920	-0.00099750910885632	-0.015723802149296
49.872001647949	-0.0012698603095487	-0.015635335817933
49.888000488281	-0.0015370690962300	-0.015542251989245
49.903999328613	-0.0017990150954574	-0.015444863587618
49.919998168945	-0.0020556817762554	-0.015343476086855
49.936000823975	-0.0023070224560797	-0.015238399617374
49.951999664307	-0.0025530334096402	-0.015129938721657
49.967998504639	-0.0027936960104853	-0.015018398873508
49.984001159668	-0.0030290340073407	-0.014904085546732
50.000000000000	-0.0032590974587947	-0.014787290245295
