34.000000000000	0.62892025709152	 -0.36981970071793	49.550467273357	0.0000000000000
34.015998840332	0.62474036216736	 -0.37547862529755	49.550467273357	0.0000000000000
34.032001495361	0.62050431966782	 -0.38110372424126	49.550467273357	0.0000000000000
34.048000335693	0.61621183156967	 -0.38669472932816	49.550467273357	0.0000000000000
34.063999176025	0.61186254024506	 -0.39225095510483	49.550467273357	0.0000000000000
34.080001831055	0.60745590925217	 -0.39777207374573	49.550467273357	0.0000000000000
34.096000671387	0.60299146175385	 -0.40325757861137	49.550467273357	0.0000000000000
34.111999511719	0.59846884012222	 -0.40870675444603	49.550467273357	0.0000000000000
34.127998352051	0.59388762712479	 -0.41411900520325	49.550467273357	0.0000000000000
34.144001007080	0.58924746513367	 -0.41949367523193	49.550467273357	0.0000000000000
34.159999847412	0.58454775810242	 -0.42483004927635	49.550467273357	0.0000000000000
34.175998687744	0.57978826761246	 -0.43012723326683	49.550467273357	0.0000000000000
34.192001342773	0.57496851682663	 -0.43538445234299	49.550467273357	0.0000000000000
34.208000183105	0.57008814811707	 -0.44060090184212	49.550467273357	0.0000000000000
34.223999023438	0.56514686346054	 -0.44577541947365	49.550467273357	0.0000000000000
34.240001678467	0.56014424562454	 -0.45090734958649	49.550467273357	0.0000000000000
34.256000518799	0.55508005619049	 -0.45599538087845	49.550467273357	0.0000000000000
34.271999359131	0.54995399713516	 -0.46103861927986	49.550467273357	0.0000000000000
34.287998199463	0.54476577043533	 -0.46603578329086	49.550467273357	0.0000000000000
34.304000854492	0.53951519727707	 -0.47098597884178	49.550467273357	0.0000000000000
34.319999694824	0.53420215845108	 -0.47588771581650	49.550467273357	0.0000000000000
34.335998535156	0.52882647514343	 -0.48073998093605	49.550467273357	0.0000000000000
34.352001190186	0.52338802814484	 -0.48554143309593	49.550467273357	0.0000000000000
34.368000030518	0.51788669824600	 -0.49029079079628	49.550467273357	0.0000000000000
34.383998870850	0.51232266426086	 -0.49498662352562	49.550467273357	0.0000000000000
34.400001525879	0.50669574737549	 -0.49962770938873	49.550467273357	0.0000000000000
34.416000366211	0.50100618600845	 -0.50421249866486	49.550467273357	0.0000000000000
34.431999206543	0.49525403976440	 -0.50873970985413	49.550467273357	0.0000000000000
34.448001861572	0.48943948745728	 -0.51320797204971	49.550467273357	0.0000000000000
34.464000701904	0.48356276750565	 -0.51761561632156	49.550467273357	0.0000000000000
34.479999542236	0.47762420773506	 -0.52196127176285	49.550467273357	0.0000000000000
34.495998382568	0.47162407636642	 -0.52624350786209	49.550467273357	0.0000000000000
34.512001037598	0.46556285023689	 -0.53046071529388	49.550467273357	0.0000000000000
34.527999877930	0.45944082736969	 -0.53461146354675	49.550467273357	0.0000000000000
34.543998718262	0.45325869321823	 -0.53869414329529	49.550467273357	0.0000000000000
34.560001373291	0.44701692461967	 -0.54270732402802	49.550467273357	0.0000000000000
34.576000213623	0.44071617722511	 -0.54664945602417	49.550467273357	0.0000000000000
34.591999053955	0.43435707688332	 -0.55051892995834	49.550467273357	0.0000000000000
34.608001708984	0.42794036865234	 -0.55431443452835	49.550467273357	0.0000000000000
34.624000549316	0.42146685719490	 -0.55803418159485	49.550467273357	0.0000000000000
34.639999389648	0.41493749618530	 -0.56167685985565	49.550467273357	0.0000000000000
34.655998229980	0.40835279226303	 -0.56524109840393	49.550467273357	0.0000000000000
34.672000885010	0.40171405673027	 -0.56872516870499	49.550467273357	0.0000000000000
34.687999725342	0.39502236247063	 -0.57212758064270	49.550467273357	0.0000000000000
34.703998565674	0.38827866315842	 -0.57544708251953	49.550467273357	0.0000000000000
34.720001220703	0.38148385286331	 -0.57868224382401	49.550467273357	0.0000000000000
34.736000061035	0.37463963031769	 -0.58183133602142	49.550467273357	0.0000000000000
34.751998901367	0.36774674057961	 -0.58489352464676	49.550467273357	0.0000000000000
34.768001556396	0.36080646514893	 -0.58786708116531	49.550467273357	0.0000000000000
34.784000396729	0.35382002592087	 -0.59075111150742	49.550467273357	0.0000000000000
34.799999237061	0.34678950905800	 -0.59354352951050	49.550467273357	0.0000000000000
34.816001892090	0.33971554040909	 -0.59624391794205	49.550467273357	0.0000000000000
34.832000732422	0.33259963989258	 -0.59885084629059	49.550467273357	0.0000000000000
34.847999572754	0.32544374465942	 -0.60136282444000	49.550467273357	0.0000000000000
34.863998413086	0.31824886798859	 -0.60377907752991	49.550467273357	0.0000000000000
34.880001068115	0.31101709604263	 -0.60609829425812	49.550467273357	0.0000000000000
34.895999908447	0.30374941229820	 -0.60831952095032	49.550467273357	0.0000000000000
34.911998748779	0.29644826054573	 -0.61044162511826	49.550467273357	0.0000000000000
34.928001403809	0.28911441564560	 -0.61246389150620	49.550467273357	0.0000000000000
34.944000244141	0.28175005316734	 -0.61438524723053	49.550467273357	0.0000000000000
34.959999084473	0.27435678243637	 -0.61620479822159	49.550467273357	0.0000000000000
34.976001739502	0.26693671941757	 -0.61792153120041	49.550467273357	0.0000000000000
34.992000579834	0.25949078798294	 -0.61953508853912	49.550467273357	0.0000000000000
35.007999420166	0.25202170014381	 -0.62104433774948	49.550467273357	0.0000000000000
35.023998260498	0.24453063309193	 -0.62244886159897	49.550467273357	0.0000000000000
35.040000915527	0.23701965808868	 -0.62374788522720	49.550467273357	0.0000000000000
35.055999755859	0.22949072718620	 -0.62494063377380	49.550467273357	0.0000000000000
35.071998596191	0.22194527089596	 -0.62602698802948	49.550467273357	0.0000000000000
35.088001251221	0.21438558399677	 -0.62700611352921	49.550467273357	0.0000000000000
35.104000091553	0.20681314170361	 -0.62787771224976	49.550467273357	0.0000000000000
35.119998931885	0.19923035800457	 -0.62864118814468	49.550467273357	0.0000000000000
35.136001586914	0.19163858890533	 -0.62929630279541	49.550467273357	0.0000000000000
35.152000427246	0.18404003977776	 -0.62984281778336	49.550467273357	0.0000000000000
35.167999267578	0.17643678188324	 -0.63028019666672	49.550467273357	0.0000000000000
35.183998107910	0.16882990300655	 -0.63060855865479	49.550467273357	0.0000000000000
35.200000762939	0.16122236847878	 -0.63082736730576	49.550467273357	0.0000000000000
35.215999603271	0.15361510217190	 -0.63093674182892	49.550467273357	0.0000000000000
35.231998443604	0.14601044356823	 -0.63093656301498	49.550467273357	0.0000000000000
35.248001098633	0.13841016590595	 -0.63082665205002	49.550467273357	0.0000000000000
35.263999938965	0.13081650435925	 -0.63060683012009	49.550467273357	0.0000000000000
35.279998779297	0.12323084473610	 -0.63027745485306	49.550467273357	0.0000000000000
35.296001434326	0.11565517634153	 -0.62983840703964	49.550467273357	0.0000000000000
35.312000274658	0.10809148848057	 -0.62928980588913	49.550467273357	0.0000000000000
35.327999114990	0.10054141283035	 -0.62863177061081	49.550467273357	0.0000000000000
35.344001770020	0.093006923794746	 -0.62786442041397	49.550467273357	0.0000000000000
35.360000610352	0.085489735007286	 -0.62698793411255	49.550467273357	0.0000000000000
35.375999450684	0.077991694211960	 -0.62600266933441	49.550467273357	0.0000000000000
35.391998291016	0.070514567196369	 -0.62490868568420	49.550467273357	0.0000000000000
35.408000946045	0.063060268759727	 -0.62370645999908	49.550467273357	0.0000000000000
35.423999786377	0.055630281567574	 -0.62239611148834	49.550467273357	0.0000000000000
35.439998626709	0.048226591199636	 -0.62097799777985	49.550467273357	0.0000000000000
35.456001281738	0.040850821882486	 -0.61945265531540	49.550467273357	0.0000000000000
35.472000122070	0.033504806458950	 -0.61782026290894	49.550467273357	0.0000000000000
35.487998962402	0.026190094649792	 -0.61608135700226	49.550467273357	0.0000000000000
35.504001617432	0.018908521160483	 -0.61423623561859	49.550467273357	0.0000000000000
35.520000457764	0.011661628261209	 -0.61228549480438	49.550467273357	0.0000000000000
35.535999298096	0.0044511752203107	 -0.61022955179214	49.550467273357	0.0000000000000
35.551998138428	 -0.0027211513370275	 -0.60806882381439	49.550467273357	0.0000000000000
35.568000793457	 -0.0098536657169461	 -0.60580384731293	49.550467273357	0.0000000000000
35.583999633789	 -0.016944970935583	 -0.60343509912491	49.550467273357	0.0000000000000
35.599998474121	 -0.023993169888854	 -0.60096329450607	49.550467273357	0.0000000000000
35.616001129150	 -0.030996790155768	 -0.59838879108429	49.550467273357	0.0000000000000
35.631999969482	 -0.037954144179821	 -0.59571224451065	49.550467273357	0.0000000000000
35.647998809814	 -0.044863689690828	 -0.59293419122696	49.550467273357	0.0000000000000
35.664001464844	 -0.051723740994930	 -0.59005522727966	49.550467273357	0.0000000000000
35.680000305176	 -0.058532889932394	 -0.58707606792450	49.550467273357	0.0000000000000
35.695999145508	 -0.065289445221424	 -0.58399724960327	49.550467273357	0.0000000000000
35.712001800537	 -0.071991771459579	 -0.58081942796707	49.550467273357	0.0000000000000
35.728000640869	 -0.078638389706612	 -0.57754319906235	49.550467273357	0.0000000000000
35.743999481201	 -0.085227675735950	 -0.57416933774948	49.550467273357	0.0000000000000
35.759998321533	 -0.091758109629154	 -0.57069838047028	49.550467273357	0.0000000000000
35.776000976562	 -0.098228067159653	 -0.56713116168976	49.550467273357	0.0000000000000
35.791999816895	 -0.10463596135378	 -0.56346833705902	49.550467273357	0.0000000000000
35.807998657227	 -0.11098033934832	 -0.55971056222916	49.550467273357	0.0000000000000
35.824001312256	 -0.11725949496031	 -0.55585873126984	49.550467273357	0.0000000000000
35.840000152588	 -0.12347187846899	 -0.55191344022751	49.550467273357	0.0000000000000
35.855998992920	 -0.12961594760418	 -0.54787558317184	49.550467273357	0.0000000000000
35.872001647949	 -0.13569009304047	 -0.54374581575394	49.550467273357	0.0000000000000
35.888000488281	 -0.14169277250767	 -0.53952509164810	49.550467273357	0.0000000000000
35.903999328613	 -0.14762239158154	 -0.53521412611008	49.550467273357	0.0000000000000
35.919998168945	 -0.15347722172737	 -0.53081381320953	49.550467273357	0.0000000000000
35.936000823975	 -0.15925583243370	 -0.52632498741150	49.550467273357	0.0000000000000
35.951999664307	 -0.16495646536350	 -0.52174860239029	49.550467273357	0.0000000000000
35.967998504639	 -0.17057752609253	 -0.51708549261093	49.550467273357	0.0000000000000
35.984001159668	 -0.17611752450466	 -0.51233667135239	49.550467273357	0.0000000000000
36.000000000000	 -0.18157465755939	 -0.50750309228897	49.550467273357	0.0000000000000
36.015998840332	 -0.18694730103016	 -0.50258576869965	49.550467273357	0.0000000000000
36.032001495361	 -0.19223380088806	 -0.49758568406105	49.550467273357	0.0000000000000
36.048000335693	 -0.19743259251118	 -0.49250385165215	49.550467273357	0.0000000000000
36.063999176025	 -0.20254188776016	 -0.48734146356583	49.550467273357	0.0000000000000
36.080001831055	 -0.20756001770496	 -0.48209962248802	49.550467273357	0.0000000000000
36.096000671387	 -0.21248535811901	 -0.47677943110466	49.550467273357	0.0000000000000
36.111999511719	 -0.21731618046761	 -0.47138214111328	49.550467273357	0.0000000000000
36.127998352051	 -0.22205078601837	 -0.46590897440910	49.550467273357	0.0000000000000
36.144001007080	 -0.22668743133545	 -0.46036130189896	49.550467273357	0.0000000000000
36.159999847412	 -0.23122444748878	 -0.45474025607109	49.550467273357	0.0000000000000
36.175998687744	 -0.23566028475761	 -0.44904732704163	49.550467273357	0.0000000000000
36.192001342773	 -0.23999290168285	 -0.44328394532204	49.550467273357	0.0000000000000
36.208000183105	 -0.24422068893909	 -0.43745163083076	49.550467273357	0.0000000000000
36.223999023438	 -0.24834214150906	 -0.43155166506767	49.550467273357	0.0000000000000
36.240001678467	 -0.25235539674759	 -0.42558583617210	49.550467273357	0.0000000000000
36.256000518799	 -0.25625866651535	 -0.41955563426018	49.550467273357	0.0000000000000
36.271999359131	 -0.26005032658577	 -0.41346284747124	49.550467273357	0.0000000000000
36.287998199463	 -0.26372870802879	 -0.40730905532837	49.550467273357	0.0000000000000
36.304000854492	 -0.26729205250740	 -0.40109613537788	49.550467273357	0.0000000000000
36.319999694824	 -0.27073872089386	 -0.39482596516609	49.550467273357	0.0000000000000
36.335998535156	 -0.27406710386276	 -0.38850027322769	49.550467273357	0.0000000000000
36.352001190186	 -0.27727553248405	 -0.38212120532990	49.550467273357	0.0000000000000
36.368000030518	 -0.28036233782768	 -0.37569063901901	49.550467273357	0.0000000000000
36.383998870850	 -0.28332585096359	 -0.36921077966690	49.550467273357	0.0000000000000
36.400001525879	 -0.28616455197334	 -0.36268368363380	49.550467273357	0.0000000000000
36.416000366211	 -0.28887689113617	 -0.35611161589622	49.550467273357	0.0000000000000
36.431999206543	 -0.29146143794060	 -0.34949675202370	49.550467273357	0.0000000000000
36.448001861572	 -0.29391649365425	 -0.34284156560898	49.550467273357	0.0000000000000
36.464000701904	 -0.29624068737030	 -0.33614838123322	49.550467273357	0.0000000000000
36.479999542236	 -0.29843258857727	 -0.32941964268684	49.550467273357	0.0000000000000
36.495998382568	 -0.30049076676369	 -0.32265803217888	49.550467273357	0.0000000000000
36.512001037598	 -0.30241397023201	 -0.31586587429047	49.550467273357	0.0000000000000
36.527999877930	 -0.30420082807541	 -0.30904600024223	49.550467273357	0.0000000000000
36.543998718262	 -0.30585011839867	 -0.30220115184784	49.550467273357	0.0000000000000
36.560001373291	 -0.30736050009727	 -0.29533416032791	49.550467273357	0.0000000000000
36.576000213623	 -0.30873098969460	 -0.28844776749611	49.550467273357	0.0000000000000
36.591999053955	 -0.30996054410934	 -0.28154486417770	49.550467273357	0.0000000000000
36.608001708984	 -0.31104803085327	 -0.27462846040726	49.550467273357	0.0000000000000
36.624000549316	 -0.31199246644974	 -0.26770168542862	49.550467273357	0.0000000000000
36.639999389648	 -0.31279307603836	 -0.26076745986938	49.550467273357	0.0000000000000
36.655998229980	 -0.31344893574715	 -0.25382909178734	49.550467273357	0.0000000000000
36.672000885010	 -0.31395933032036	 -0.24688968062401	49.550467273357	0.0000000000000
36.687999725342	 -0.31432363390923	 -0.23995250463486	49.550467273357	0.0000000000000
36.703998565674	 -0.31454116106033	 -0.23302097618580	49.550467273357	0.0000000000000
36.720001220703	 -0.31461149454117	 -0.22609825432301	49.550467273357	0.0000000000000
36.736000061035	 -0.31453421711922	 -0.21918791532516	49.550467273357	0.0000000000000
36.751998901367	 -0.31430897116661	 -0.21229320764542	49.550467273357	0.0000000000000
36.768001556396	 -0.31393554806709	 -0.20541784167290	49.550467273357	0.0000000000000
36.784000396729	 -0.31341367959976	 -0.19856527447701	49.550467273357	0.0000000000000
36.799999237061	 -0.31274345517159	 -0.19173903763294	49.550467273357	0.0000000000000
36.816001892090	 -0.31192490458488	 -0.18494272232056	49.550467273357	0.0000000000000
36.832000732422	 -0.31095814704895	 -0.17817997932434	49.550467273357	0.0000000000000
36.847999572754	 -0.30984345078468	 -0.17145438492298	49.550467273357	0.0000000000000
36.863998413086	 -0.30858120322227	 -0.16476972401142	49.550467273357	0.0000000000000
36.880001068115	 -0.30717185139656	 -0.15812961757183	49.550467273357	0.0000000000000
36.895999908447	 -0.30561596155167	 -0.15153774619102	49.550467273357	0.0000000000000
36.911998748779	 -0.30391424894333	 -0.14499790966511	49.550467273357	0.0000000000000
36.928001403809	 -0.30206745862961	 -0.13851390779018	49.550467273357	0.0000000000000
36.944000244141	 -0.30007660388947	 -0.13208928704262	49.550467273357	0.0000000000000
36.959999084473	 -0.29794266819954	 -0.12572781741619	49.550467273357	0.0000000000000
36.976001739502	 -0.29566678404808	 -0.11943331360817	49.550467273357	0.0000000000000
36.992000579834	 -0.29325026273727	 -0.11320940405130	49.550467273357	0.0000000000000
37.007999420166	 -0.29069444537163	 -0.10705982893705	49.550467273357	0.0000000000000
37.023998260498	 -0.28800082206726	 -0.10098832100630	49.550467273357	0.0000000000000
37.040000915527	 -0.28517106175423	 -0.094998471438885	49.550467273357	0.0000000000000
37.055999755859	 -0.28220683336258	 -0.089094020426273	49.550467273357	0.0000000000000
37.071998596191	 -0.27911010384560	 -0.083278387784958	49.550467273357	0.0000000000000
37.088001251221	 -0.27588272094727	 -0.077555313706398	49.550467273357	0.0000000000000
37.104000091553	 -0.27252683043480	 -0.071928255259991	49.550467273357	0.0000000000000
37.119998931885	 -0.26904469728470	 -0.066400669515133	49.550467273357	0.0000000000000
37.136001586914	 -0.26543858647346	 -0.060975987464190	49.550467273357	0.0000000000000
37.152000427246	 -0.26171091198921	 -0.055657636374235	49.550467273357	0.0000000000000
37.167999267578	 -0.25786426663399	 -0.050449017435312	49.550467273357	0.0000000000000
37.183998107910	 -0.25390130281448	 -0.045353259891272	49.550467273357	0.0000000000000
37.200000762939	 -0.24982477724552	 -0.040373608469963	49.550467273357	0.0000000000000
37.215999603271	 -0.24563761055470	 -0.035513110458851	49.550467273357	0.0000000000000
37.231998443604	 -0.24134275317192	 -0.030774928629398	49.550467273357	0.0000000000000
37.248001098633	 -0.23694333434105	 -0.026161922141910	49.550467273357	0.0000000000000
37.263999938965	 -0.23244252800941	 -0.021677030250430	49.550467273357	0.0000000000000
37.279998779297	 -0.22784361243248	 -0.017323005944490	49.550467273357	0.0000000000000
37.296001434326	 -0.22315001487732	 -0.013102546334267	49.550467273357	0.0000000000000
37.312000274658	 -0.21836516261101	 -0.0090182870626450	49.550467273357	0.0000000000000
37.327999114990	 -0.21349267661572	 -0.0050726737827063	49.550467273357	0.0000000000000
37.344001770020	 -0.20853619277477	 -0.0012681278167292	49.550467273357	0.0000000000000
37.360000610352	 -0.20349945127964	0.0023929898161441	49.550467273357	0.0000000000000
37.375999450684	 -0.19838628172874	0.0059086484834552	49.550467273357	0.0000000000000
37.391998291016	 -0.19320054352283	0.0092766825109720	49.550467273357	0.0000000000000
37.408000946045	 -0.18794624507427	0.012495195493102	49.550467273357	0.0000000000000
37.423999786377	 -0.18262740969658	0.015562294051051	49.550467273357	0.0000000000000
37.439998626709	 -0.17724810540676	0.018476447090507	49.550467273357	0.0000000000000
37.456001281738	 -0.17181253433228	0.021235836669803	49.550467273357	0.0000000000000
37.472000122070	 -0.16632483899593	0.023839237168431	49.550467273357	0.0000000000000
37.487998962402	 -0.16078932583332	0.026285126805305	49.550467273357	0.0000000000000
37.504001617432	 -0.15521028637886	0.028572546318173	49.550467273357	0.0000000000000
37.520000457764	 -0.14959205687046	0.030700193718076	49.550467273357	0.0000000000000
37.535999298096	 -0.14393901824951	0.032667350023985	49.550467273357	0.0000000000000
37.551998138428	 -0.13825555145741	0.034473240375519	49.550467273357	0.0000000000000
37.568000793457	 -0.13254609704018	0.036117170006037	49.550467273357	0.0000000000000
37.583999633789	 -0.12681512534618	0.037598576396704	49.550467273357	0.0000000000000
37.599998474121	 -0.12106709182262	0.038917161524296	49.550467273357	0.0000000000000
37.616001129150	 -0.11530645191669	0.040072735399008	49.550467273357	0.0000000000000
37.631999969482	 -0.10953771322966	0.041065145283937	49.550467273357	0.0000000000000
37.647998809814	 -0.10376529395580	0.041894588619471	49.550467273357	0.0000000000000
37.664001464844	 -0.097993731498718	0.042561102658510	49.550467273357	0.0000000000000
37.680000305176	 -0.092227458953857	0.043065115809441	49.550467273357	0.0000000000000
37.695999145508	 -0.086470916867256	0.043407130986452	49.550467273357	0.0000000000000
37.712001800537	 -0.080728515982628	0.043587733060122	49.550467273357	0.0000000000000
37.728000640869	 -0.075004659593105	0.043607730418444	49.550467273357	0.0000000000000
37.743999481201	 -0.069303713738918	0.043467979878187	49.550467273357	0.0000000000000
37.759998321533	 -0.063629969954491	0.043169569224119	49.550467273357	0.0000000000000
37.776000976562	 -0.057987723499537	0.042713660746813	49.550467273357	0.0000000000000
37.791999816895	 -0.052381243556738	0.042101517319679	49.550467273357	0.0000000000000
37.807998657227	 -0.046814646571875	0.041334643959999	49.550467273357	0.0000000000000
37.824001312256	 -0.041292086243629	0.040414571762085	49.550467273357	0.0000000000000
37.840000152588	 -0.035817649215460	0.039342965930700	49.550467273357	0.0000000000000
37.855998992920	 -0.030395302921534	0.038121681660414	49.550467273357	0.0000000000000
37.872001647949	 -0.025028970092535	0.036752644926310	49.550467273357	0.0000000000000
37.888000488281	 -0.019722530618310	0.035237904638052	49.550467273357	0.0000000000000
37.903999328613	 -0.014479738660157	0.033579628914595	49.550467273357	0.0000000000000
37.919998168945	 -0.0093042468652129	0.031780123710632	49.550467273357	0.0000000000000
37.936000823975	 -0.0041997209191322	0.029841748997569	49.550467273357	0.0000000000000
37.951999664307	0.00083037756849080	0.027767013758421	49.550467273357	0.0000000000000
37.967998504639	0.0057825939729810	0.025558508932590	49.550467273357	0.0000000000000
37.984001159668	0.010653653182089	0.023218920454383	49.550467273357	0.0000000000000
38.000000000000	0.015440295450389	0.020751047879457	49.550467273357	0.0000000000000
38.015998840332	0.020139437168837	0.018157742917538	49.550467273357	0.0000000000000
38.032001495361	0.024748062714934	0.015441966243088	49.550467273357	0.0000000000000
38.048000335693	0.029263252392411	0.012606787495315	49.550467273357	0.0000000000000
38.063999176025	0.033682256937027	0.0096552660688758	49.550467273357	0.0000000000000
38.080001831055	0.038002386689186	0.0065906164236367	49.550467273357	0.0000000000000
38.096000671387	0.042221084237099	0.0034161056391895	49.550467273357	0.0000000000000
38.111999511719	0.046335916966200	0.00013501291687135	49.550467273357	0.0000000000000
38.127998352051	0.050344575196505	 -0.0032493025064468	49.550467273357	0.0000000000000
38.144001007080	0.054244857281446	 -0.0067333797924221	49.550467273357	0.0000000000000
38.159999847412	0.058034695684910	 -0.010313774459064	49.550467273357	0.0000000000000
38.175998687744	0.061712142080069	 -0.013986962847412	49.550467273357	0.0000000000000
38.192001342773	0.065275363624096	 -0.017749456688762	49.550467273357	0.0000000000000
38.208000183105	0.068722672760487	 -0.021597610786557	49.550467273357	0.0000000000000
38.223999023438	0.072052478790283	 -0.025527855381370	49.550467273357	0.0000000000000
38.240001678467	0.075263358652592	 -0.029536552727222	49.550467273357	0.0000000000000
38.256000518799	0.078353986144066	 -0.033620033413172	49.550467273357	0.0000000000000
38.271999359131	0.081323176622391	 -0.037774626165628	49.550467273357	0.0000000000000
38.287998199463	0.084169827401638	 -0.041996743530035	49.550467273357	0.0000000000000
38.304000854492	0.086892984807491	 -0.046282719820738	49.550467273357	0.0000000000000
38.319999694824	0.089491918683052	 -0.050628725439310	49.550467273357	0.0000000000000
38.335998535156	0.091965831816196	 -0.055031251162291	49.550467273357	0.0000000000000
38.352001190186	0.094314172863960	 -0.059486638754606	49.550467273357	0.0000000000000
38.368000030518	0.096536450088024	 -0.063991278409958	49.550467273357	0.0000000000000
38.383998870850	0.098632410168648	 -0.068541452288628	49.550467273357	0.0000000000000
38.400001525879	0.10060181468725	 -0.073133565485477	49.550467273357	0.0000000000000
38.416000366211	0.10244449973106	 -0.077764175832272	49.550467273357	0.0000000000000
38.431999206543	0.10416045784950	 -0.082429721951485	49.550467273357	0.0000000000000
38.448001861572	0.10574987530708	 -0.087126657366753	49.550467273357	0.0000000000000
38.464000701904	0.10721295326948	 -0.091851539909840	49.550467273357	0.0000000000000
38.479999542236	0.10854998975992	 -0.096601039171219	49.550467273357	0.0000000000000
38.495998382568	0.10976144671440	 -0.10137172043324	49.550467273357	0.0000000000000
38.512001037598	0.11084784567356	 -0.10616031289101	49.550467273357	0.0000000000000
38.527999877930	0.11180984228849	 -0.11096353828907	49.550467273357	0.0000000000000
38.543998718262	0.11264807730913	 -0.11577825993299	49.550467273357	0.0000000000000
38.560001373291	0.11336338520050	 -0.12060134857893	49.550467273357	0.0000000000000
38.576000213623	0.11395680159330	 -0.12542960047722	49.550467273357	0.0000000000000
38.591999053955	0.11442913860083	 -0.13026019930840	49.550467273357	0.0000000000000
38.608001708984	0.11478141695261	 -0.13509018719196	49.550467273357	0.0000000000000
38.624000549316	0.11501491814852	 -0.13991664350033	49.550467273357	0.0000000000000
38.639999389648	0.11513087153435	 -0.14473675191402	49.550467273357	0.0000000000000
38.655998229980	0.11513046175241	 -0.14954784512520	49.550467273357	0.0000000000000
38.672000885010	0.11501503735781	 -0.15434733033180	49.550467273357	0.0000000000000
38.687999725342	0.11478601396084	 -0.15913262963295	49.550467273357	0.0000000000000
38.703998565674	0.11444481462240	 -0.16390131413937	49.550467273357	0.0000000000000
38.720001220703	0.11399310082197	 -0.16865088045597	49.550467273357	0.0000000000000
38.736000061035	0.11343210935593	 -0.17337924242020	49.550467273357	0.0000000000000
38.751998901367	0.11276389658451	 -0.17808386683464	49.550467273357	0.0000000000000
38.768001556396	0.11198977380991	 -0.18276286125183	49.550467273357	0.0000000000000
38.784000396729	0.11111146211624	 -0.18741415441036	49.550467273357	0.0000000000000
38.799999237061	0.11013077944517	 -0.19203568994999	49.550467273357	0.0000000000000
38.816001892090	0.10904958844185	 -0.19662556052208	49.550467273357	0.0000000000000
38.832000732422	0.10786933451891	 -0.20118212699890	49.550467273357	0.0000000000000
38.847999572754	0.10659208893776	 -0.20570352673531	49.550467273357	0.0000000000000
38.863998413086	0.10521952062845	 -0.21018822491169	49.550467273357	0.0000000000000
38.880001068115	0.10375344753265	 -0.21463467180729	49.550467273357	0.0000000000000
38.895999908447	0.10219596326351	 -0.21904128789902	49.550467273357	0.0000000000000
38.911998748779	0.10054830461740	 -0.22340700030327	49.550467273357	0.0000000000000
38.928001403809	0.098813027143478	 -0.22773015499115	49.550467273357	0.0000000000000
38.944000244141	0.096991613507271	 -0.23200972378254	49.550467273357	0.0000000000000
38.959999084473	0.095086030662060	 -0.23624451458454	49.550467273357	0.0000000000000
38.976001739502	0.093097768723965	 -0.24043363332748	49.550467273357	0.0000000000000
38.992000579834	0.091029085218906	 -0.24457588791847	49.550467273357	0.0000000000000
39.007999420166	0.088881492614746	 -0.24867051839828	49.550467273357	0.0000000000000
39.023998260498	0.086656942963600	 -0.25271660089493	49.550467273357	0.0000000000000
39.040000915527	0.084357239305973	 -0.25671339035034	49.550467273357	0.0000000000000
39.055999755859	0.081984005868435	 -0.26066020131111	49.550467273357	0.0000000000000
39.071998596191	0.079538993537426	 -0.26455643773079	49.550467273357	0.0000000000000
39.088001251221	0.077023699879646	 -0.26840150356293	49.550467273357	0.0000000000000
39.104000091553	0.074440173804760	 -0.27219489216805	49.550467273357	0.0000000000000
39.119998931885	0.071789994835854	 -0.27593606710434	49.550467273357	0.0000000000000
39.136001586914	0.069074593484402	 -0.27962481975555	49.550467273357	0.0000000000000
39.152000427246	0.066295452415943	 -0.28326070308685	49.550467273357	0.0000000000000
39.167999267578	0.063454568386078	 -0.28684335947037	49.550467273357	0.0000000000000
39.183998107910	0.060552679002285	 -0.29037275910378	49.550467273357	0.0000000000000
39.200000762939	0.057591959834099	 -0.29384845495224	49.550467273357	0.0000000000000
39.215999603271	0.054573740810156	 -0.29727041721344	49.550467273357	0.0000000000000
39.231998443604	0.051498856395483	 -0.30063858628273	49.550467273357	0.0000000000000
39.248001098633	0.048368662595749	 -0.30395287275314	49.550467273357	0.0000000000000
39.263999938965	0.045185044407845	 -0.30721312761307	49.550467273357	0.0000000000000
39.279998779297	0.041948691010475	 -0.31041938066483	49.550467273357	0.0000000000000
39.296001434326	0.038660962134600	 -0.31357172131538	49.550467273357	0.0000000000000
39.312000274658	0.035323191434145	 -0.31667006015778	49.550467273357	0.0000000000000
39.327999114990	0.031936038285494	 -0.31971454620361	49.550467273357	0.0000000000000
39.344001770020	0.028501043096185	 -0.32270523905754	49.550467273357	0.0000000000000
39.360000610352	0.025019090622663	 -0.32564216852188	49.550467273357	0.0000000000000
39.375999450684	0.021490383893251	 -0.32852554321289	49.550467273357	0.0000000000000
39.391998291016	0.017916953191161	 -0.33135536313057	49.550467273357	0.0000000000000
39.408000946045	0.014298758469522	 -0.33413186669350	49.550467273357	0.0000000000000
39.423999786377	0.010637278668582	 -0.33685511350632	49.550467273357	0.0000000000000
39.439998626709	0.0069328448735178	 -0.33952522277832	49.550467273357	0.0000000000000
39.456001281738	0.0031865476630628	 -0.34214231371880	49.550467273357	0.0000000000000
39.472000122070	 -0.00060121412388980	 -0.34470656514168	49.550467273357	0.0000000000000
39.487998962402	 -0.0044297575950623	 -0.34721806645393	49.550467273357	0.0000000000000
39.504001617432	 -0.0082984389737248	 -0.34967693686485	49.550467273357	0.0000000000000
39.520000457764	 -0.012206986546516	 -0.35208320617676	49.550467273357	0.0000000000000
39.535999298096	 -0.016154333949089	 -0.35443705320358	49.550467273357	0.0000000000000
39.551998138428	 -0.020140279084444	 -0.35673853754997	49.550467273357	0.0000000000000
39.568000793457	 -0.024163980036974	 -0.35898771882057	49.550467273357	0.0000000000000
39.583999633789	 -0.028225488960743	 -0.36118459701538	49.550467273357	0.0000000000000
39.599998474121	 -0.032324884086847	 -0.36332914233208	49.550467273357	0.0000000000000
39.616001129150	 -0.036460388451815	 -0.36542147397995	49.550467273357	0.0000000000000
39.631999969482	 -0.040632829070091	 -0.36746150255203	49.550467273357	0.0000000000000
39.647998809814	 -0.044842045754194	 -0.36944907903671	49.550467273357	0.0000000000000
39.664001464844	 -0.049086309969425	 -0.37138435244560	49.550467273357	0.0000000000000
39.680000305176	 -0.053366370499134	 -0.37326705455780	49.550467273357	0.0000000000000
39.695999145508	 -0.057682309299707	 -0.37509700655937	49.550467273357	0.0000000000000
39.712001800537	 -0.062033347785473	 -0.37687417864799	49.550467273357	0.0000000000000
39.728000640869	 -0.066418871283531	 -0.37859839200974	49.550467273357	0.0000000000000
39.743999481201	 -0.070839568972588	 -0.38026925921440	49.550467273357	0.0000000000000
39.759998321533	 -0.075294695794582	 -0.38188666105270	49.550467273357	0.0000000000000
39.776000976562	 -0.079784229397774	 -0.38345021009445	49.550467273357	0.0000000000000
39.791999816895	 -0.084307454526424	 -0.38495978713036	49.550467273357	0.0000000000000
39.807998657227	 -0.088865108788013	 -0.38641479611397	49.550467273357	0.0000000000000
39.824001312256	 -0.093456111848354	 -0.38781505823135	49.550467273357	0.0000000000000
39.840000152588	 -0.098080858588219	 -0.38916003704071	49.550467273357	0.0000000000000
39.855998992920	 -0.10273902118206	 -0.39044928550720	49.550467273357	0.0000000000000
39.872001647949	 -0.10742987692356	 -0.39168247580528	49.550467273357	0.0000000000000
39.888000488281	 -0.11215385049582	 -0.39285898208618	49.550467273357	0.0000000000000
39.903999328613	 -0.11691059172153	 -0.39397823810577	49.550467273357	0.0000000000000
39.919998168945	 -0.12169941514730	 -0.39503979682922	49.550467273357	0.0000000000000
39.936000823975	 -0.12652070820332	 -0.39604297280312	49.550467273357	0.0000000000000
39.951999664307	 -0.13137376308441	 -0.39698716998100	49.550467273357	0.0000000000000
39.967998504639	 -0.13625821471214	 -0.39787182211876	49.550467273357	0.0000000000000
39.984001159668	 -0.14117407798767	 -0.39869612455368	49.550467273357	0.0000000000000
40.000000000000	 -0.14612059295177	 -0.39945951104164	49.550467273357	0.0000000000000
40.015998840332	 -0.15109777450562	 -0.40016120672226	49.550467273357	0.0000000000000
40.032001495361	 -0.15610520541668	 -0.40080034732819	49.550467273357	0.0000000000000
40.048000335693	 -0.16114211082458	 -0.40137645602226	49.550467273357	0.0000000000000
40.063999176025	 -0.16620843112469	 -0.40188848972321	49.550467273357	0.0000000000000
40.080001831055	 -0.17130333185196	 -0.40233585238457	49.550467273357	0.0000000000000
40.096000671387	 -0.17642673850060	 -0.40271750092506	49.550467273357	0.0000000000000
40.111999511719	 -0.18157741427422	 -0.40303292870522	49.550467273357	0.0000000000000
40.127998352051	 -0.18675562739372	 -0.40328094363213	49.550467273357	0.0000000000000
40.144001007080	 -0.19196045398712	 -0.40346083045006	49.550467273357	0.0000000000000
40.159999847412	 -0.19719061255455	 -0.40357205271721	49.550467273357	0.0000000000000
40.175998687744	 -0.20244629681110	 -0.40361326932907	49.550467273357	0.0000000000000
40.192001342773	 -0.20772613584995	 -0.40358397364616	49.550467273357	0.0000000000000
40.208000183105	 -0.21302987635136	 -0.40348297357559	49.550467273357	0.0000000000000
40.223999023438	 -0.21835619211197	 -0.40330979228020	49.550467273357	0.0000000000000
40.240001678467	 -0.22370475530624	 -0.40306320786476	49.550467273357	0.0000000000000
40.256000518799	 -0.22907412052155	 -0.40274268388748	49.550467273357	0.0000000000000
40.271999359131	 -0.23446395993233	 -0.40234702825546	49.550467273357	0.0000000000000
40.287998199463	 -0.23987278342247	 -0.40187573432922	49.550467273357	0.0000000000000
40.304000854492	 -0.24529980123043	 -0.40132775902748	49.550467273357	0.0000000000000
40.319999694824	 -0.25074389576912	 -0.40070241689682	49.550467273357	0.0000000000000
40.335998535156	 -0.25620380043983	 -0.39999893307686	49.550467273357	0.0000000000000
40.352001190186	 -0.26167914271355	 -0.39921614527702	49.550467273357	0.0000000000000
40.368000030518	 -0.26716825366020	 -0.39835354685783	49.550467273357	0.0000000000000
40.383998870850	 -0.27266949415207	 -0.39741066098213	49.550467273357	0.0000000000000
40.400001525879	 -0.27818229794502	 -0.39638635516167	49.550467273357	0.0000000000000
40.416000366211	 -0.28370502591133	 -0.39528012275696	49.550467273357	0.0000000000000
40.431999206543	 -0.28923669457436	 -0.39409112930298	49.550467273357	0.0000000000000
40.448001861572	 -0.29477551579475	 -0.39281892776489	49.550467273357	0.0000000000000
40.464000701904	 -0.30032095313072	 -0.39146241545677	49.550467273357	0.0000000000000
40.479999542236	 -0.30587038397789	 -0.39002180099487	49.550467273357	0.0000000000000
40.495998382568	 -0.31142285466194	 -0.38849624991417	49.550467273357	0.0000000000000
40.512001037598	 -0.31697723269463	 -0.38688492774963	49.550467273357	0.0000000000000
40.527999877930	 -0.32253208756447	 -0.38518732786179	49.550467273357	0.0000000000000
40.543998718262	 -0.32808551192284	 -0.38340327143669	49.550467273357	0.0000000000000
40.560001373291	 -0.33363574743271	 -0.38153254985809	49.550467273357	0.0000000000000
40.576000213623	 -0.33918154239655	 -0.37957441806793	49.550467273357	0.0000000000000
40.591999053955	 -0.34472182393074	 -0.37752828001976	49.550467273357	0.0000000000000
40.608001708984	 -0.35025393962860	 -0.37539467215538	49.550467273357	0.0000000000000
40.624000549316	 -0.35577672719955	 -0.37317296862602	49.550467273357	0.0000000000000
40.639999389648	 -0.36128857731819	 -0.37086281180382	49.550467273357	0.0000000000000
40.655998229980	 -0.36678799986839	 -0.36846408247948	49.550467273357	0.0000000000000
40.672000885010	 -0.37227335572243	 -0.36597639322281	49.550467273357	0.0000000000000
40.687999725342	 -0.37774202227592	 -0.36340069770813	49.550467273357	0.0000000000000
40.703998565674	 -0.38319352269173	 -0.36073586344719	49.550467273357	0.0000000000000
40.720001220703	 -0.38862514495850	 -0.35798275470734	49.550467273357	0.0000000000000
40.736000061035	 -0.39403575658798	 -0.35514104366302	49.550467273357	0.0000000000000
40.751998901367	 -0.39942365884781	 -0.35221061110497	49.550467273357	0.0000000000000
40.768001556396	 -0.40478703379631	 -0.34919193387032	49.550467273357	0.0000000000000
40.784000396729	 -0.41012391448021	 -0.34608548879623	49.550467273357	0.0000000000000
40.799999237061	 -0.41543269157410	 -0.34289127588272	49.550467273357	0.0000000000000
40.816001892090	 -0.42071193456650	 -0.33960956335068	49.550467273357	0.0000000000000
40.832000732422	 -0.42595955729485	 -0.33624079823494	49.550467273357	0.0000000000000
40.847999572754	 -0.43117412924767	 -0.33278533816338	49.550467273357	0.0000000000000
40.863998413086	 -0.43635374307632	 -0.32924377918243	49.550467273357	0.0000000000000
40.880001068115	 -0.44149699807167	 -0.32561650872231	49.550467273357	0.0000000000000
40.895999908447	 -0.44660183787346	 -0.32190424203873	49.550467273357	0.0000000000000
40.911998748779	 -0.45166695117950	 -0.31810736656189	49.550467273357	0.0000000000000
40.928001403809	 -0.45669043064117	 -0.31422674655914	49.550467273357	0.0000000000000
40.944000244141	 -0.46167117357254	 -0.31026250123978	49.550467273357	0.0000000000000
40.959999084473	 -0.46660685539246	 -0.30621635913849	49.550467273357	0.0000000000000
40.976001739502	 -0.47149631381035	 -0.30208846926689	49.550467273357	0.0000000000000
40.992000579834	 -0.47633782029152	 -0.29787993431091	49.550467273357	0.0000000000000
41.007999420166	 -0.48113036155701	 -0.29359084367752	49.550467273357	0.0000000000000
41.023998260498	 -0.48587161302567	 -0.28922325372696	49.550467273357	0.0000000000000
41.040000915527	 -0.49056088924408	 -0.28477695584297	49.550467273357	0.0000000000000
41.055999755859	 -0.49519598484039	 -0.28025409579277	49.550467273357	0.0000000000000
41.071998596191	 -0.49977603554726	 -0.27565497159958	49.550467273357	0.0000000000000
41.088001251221	 -0.50429964065552	 -0.27098035812378	49.550467273357	0.0000000000000
41.104000091553	 -0.50876510143280	 -0.26623210310936	49.550467273357	0.0000000000000
41.119998931885	 -0.51317149400711	 -0.26141056418419	49.550467273357	0.0000000000000
41.136001586914	 -0.51751714944839	 -0.25651758909225	49.550467273357	0.0000000000000
41.152000427246	 -0.52180123329163	 -0.25155365467072	49.550467273357	0.0000000000000
41.167999267578	 -0.52602225542068	 -0.24652017652988	49.550467273357	0.0000000000000
41.183998107910	 -0.53017908334732	 -0.24141865968704	49.550467273357	0.0000000000000
41.200000762939	 -0.53427034616470	 -0.23625062406063	49.550467273357	0.0000000000000
41.215999603271	 -0.53829550743103	 -0.23101603984833	49.550467273357	0.0000000000000
41.231998443604	 -0.54225277900696	 -0.22571808099747	49.550467273357	0.0000000000000
41.248001098633	 -0.54614186286926	 -0.22035621106625	49.550467273357	0.0000000000000
41.263999938965	 -0.54996162652969	 -0.21493208408356	49.550467273357	0.0000000000000
41.279998779297	 -0.55371075868607	 -0.20944781601429	49.550467273357	0.0000000000000
41.296001434326	 -0.55738824605942	 -0.20390510559082	49.550467273357	0.0000000000000
41.312000274658	 -0.56099402904510	 -0.19830350577831	49.550467273357	0.0000000000000
41.327999114990	 -0.56452643871307	 -0.19264632463455	49.550467273357	0.0000000000000
41.344001770020	 -0.56798529624939	 -0.18693308532238	49.550467273357	0.0000000000000
41.360000610352	 -0.57136929035187	 -0.18116718530655	49.550467273357	0.0000000000000
41.375999450684	 -0.57467806339264	 -0.17534871399403	49.550467273357	0.0000000000000
41.391998291016	 -0.57791101932526	 -0.16947889328003	49.550467273357	0.0000000000000
41.408000946045	 -0.58106726408005	 -0.16356004774570	49.550467273357	0.0000000000000
41.423999786377	 -0.58414626121521	 -0.15759341418743	49.550467273357	0.0000000000000
41.439998626709	 -0.58714777231216	 -0.15157912671566	49.550467273357	0.0000000000000
41.456001281738	 -0.59007084369659	 -0.14552003145218	49.550467273357	0.0000000000000
41.472000122070	 -0.59291523694992	 -0.13941688835621	49.550467273357	0.0000000000000
41.487998962402	 -0.59568041563034	 -0.13327148556709	49.550467273357	0.0000000000000
41.504001617432	 -0.59836608171463	 -0.12708449363708	49.550467273357	0.0000000000000
41.520000457764	 -0.60097163915634	 -0.12085831165314	49.550467273357	0.0000000000000
41.535999298096	 -0.60349690914154	 -0.11459363251925	49.550467273357	0.0000000000000
41.551998138428	 -0.60594153404236	 -0.10829228162766	49.550467273357	0.0000000000000
41.568000793457	 -0.60830539464951	 -0.10195375233889	49.550467273357	0.0000000000000
41.583999633789	 -0.61058789491653	 -0.095582790672779	49.550467273357	0.0000000000000
41.599998474121	 -0.61278915405273	 -0.089177727699280	49.550467273357	0.0000000000000
41.616001129150	 -0.61490887403488	 -0.082740962505341	49.550467273357	0.0000000000000
41.631999969482	 -0.61694681644440	 -0.076273731887341	49.550467273357	0.0000000000000
41.647998809814	 -0.61890292167664	 -0.069777853786945	49.550467273357	0.0000000000000
41.664001464844	 -0.62077701091766	 -0.063253961503506	49.550467273357	0.0000000000000
41.680000305176	 -0.62256908416748	 -0.056703265756369	49.550467273357	0.0000000000000
41.695999145508	 -0.62427896261215	 -0.050127569586039	49.550467273357	0.0000000000000
41.712001800537	 -0.62590670585632	 -0.043528072535992	49.550467273357	0.0000000000000
41.728000640869	 -0.62745237350464	 -0.036904778331518	49.550467273357	0.0000000000000
41.743999481201	 -0.62891584634781	 -0.030260056257248	49.550467273357	0.0000000000000
41.759998321533	 -0.63029706478119	 -0.023595081642270	49.550467273357	0.0000000000000
41.776000976562	 -0.63159626722336	 -0.016910422593355	49.550467273357	0.0000000000000
41.791999816895	 -0.63281327486038	 -0.010208432562649	49.550467273357	0.0000000000000
41.807998657227	 -0.63394844532013	 -0.0034878440201283	49.550467273357	0.0000000000000
41.824001312256	 -0.63500171899796	0.0032477946951985	49.550467273357	0.0000000000000
41.840000152588	 -0.63597303628922	0.0099985692650080	49.550467273357	0.0000000000000
41.855998992920	 -0.63686281442642	0.016762759536505	49.550467273357	0.0000000000000
41.872001647949	 -0.63767093420029	0.023540480062366	49.550467273357	0.0000000000000
41.888000488281	 -0.63839763402939	0.030329424887896	49.550467273357	0.0000000000000
41.903999328613	 -0.63904309272766	0.037129729986191	49.550467273357	0.0000000000000
41.919998168945	 -0.63960725069046	0.043939709663391	49.550467273357	0.0000000000000
41.936000823975	 -0.64009058475494	0.050757706165314	49.550467273357	0.0000000000000
41.951999664307	 -0.64049297571182	0.057584486901760	49.550467273357	0.0000000000000
41.967998504639	 -0.64081472158432	0.064417801797390	49.550467273357	0.0000000000000
41.984001159668	 -0.64105600118637	0.071257233619690	49.550467273357	0.0000000000000
42.000000000000	 -0.64121699333191	0.078101143240929	49.550467273357	0.0000000000000
42.015998840332	 -0.64129787683487	0.084949754178524	49.550467273357	0.0000000000000
42.032001495361	 -0.64129871129990	0.091801442205906	49.550467273357	0.0000000000000
42.048000335693	 -0.64121985435486	0.098655216395855	49.550467273357	0.0000000000000
42.063999176025	 -0.64106130599976	0.10551133006811	49.550467273357	0.0000000000000
42.080001831055	 -0.64082342386246	0.11236818879843	49.550467273357	0.0000000000000
42.096000671387	 -0.64050626754761	0.11922421306372	49.550467273357	0.0000000000000
42.111999511719	 -0.64011025428772	0.12607905268669	49.550467273357	0.0000000000000
42.127998352051	 -0.63963532447815	0.13293237984180	49.550467273357	0.0000000000000
42.144001007080	 -0.63908171653748	0.13978323340416	49.550467273357	0.0000000000000
42.159999847412	 -0.63844960927963	0.14663067460060	49.550467273357	0.0000000000000
42.175998687744	 -0.63773918151855	0.15347377955914	49.550467273357	0.0000000000000
42.192001342773	 -0.63695067167282	0.16031223535538	49.550467273357	0.0000000000000
42.208000183105	 -0.63608407974243	0.16714510321617	49.550467273357	0.0000000000000
42.223999023438	 -0.63513988256454	0.17397086322308	49.550467273357	0.0000000000000
42.240001678467	 -0.63411796092987	0.18078982830048	49.550467273357	0.0000000000000
42.256000518799	 -0.63301843404770	0.18760105967522	49.550467273357	0.0000000000000
42.271999359131	 -0.63184177875519	0.19440309703350	49.550467273357	0.0000000000000
42.287998199463	 -0.63058793544769	0.20119558274746	49.550467273357	0.0000000000000
42.304000854492	 -0.62925726175308	0.20797768235207	49.550467273357	0.0000000000000
42.319999694824	 -0.62784981727600	0.21474844217300	49.550467273357	0.0000000000000
42.335998535156	 -0.62636542320251	0.22150819003582	49.550467273357	0.0000000000000
42.352001190186	 -0.62480473518372	0.22825485467911	49.550467273357	0.0000000000000
42.368000030518	 -0.62316757440567	0.23498868942261	49.550467273357	0.0000000000000
42.383998870850	 -0.62145423889160	0.24170824885368	49.550467273357	0.0000000000000
42.400001525879	 -0.61966472864151	0.24841320514679	49.550467273357	0.0000000000000
42.416000366211	 -0.61779928207397	0.25510269403458	49.550467273357	0.0000000000000
42.431999206543	 -0.61585813760757	0.26177585124969	49.550467273357	0.0000000000000
42.448001861572	 -0.61384165287018	0.26843109726906	49.550467273357	0.0000000000000
42.464000701904	 -0.61174905300140	0.27507001161575	49.550467273357	0.0000000000000
42.479999542236	 -0.60958182811737	0.28168869018555	49.550467273357	0.0000000000000
42.495998382568	 -0.60733896493912	0.28828918933868	49.550467273357	0.0000000000000
42.512001037598	 -0.60502076148987	0.29487004876137	49.550467273357	0.0000000000000
42.527999877930	 -0.60262805223465	0.30142918229103	49.550467273357	0.0000000000000
42.543998718262	 -0.60016083717346	0.30796629190445	49.550467273357	0.0000000000000
42.560001373291	 -0.59761863946915	0.31448161602020	49.550467273357	0.0000000000000
42.576000213623	 -0.59500235319138	0.32097315788269	49.550467273357	0.0000000000000
42.591999053955	 -0.59231126308441	0.32744163274765	49.550467273357	0.0000000000000
42.608001708984	 -0.58954679965973	0.33388394117355	49.550467273357	0.0000000000000
42.624000549316	 -0.58670800924301	0.34030145406723	49.550467273357	0.0000000000000
42.639999389648	 -0.58379596471786	0.34669154882431	49.550467273357	0.0000000000000
42.655998229980	 -0.58081012964249	0.35305500030518	49.550467273357	0.0000000000000
42.672000885010	 -0.57775121927261	0.35938978195190	49.550467273357	0.0000000000000
42.687999725342	 -0.57461893558502	0.36569613218307	49.550467273357	0.0000000000000
42.703998565674	 -0.57141417264938	0.37197199463844	49.550467273357	0.0000000000000
42.720001220703	 -0.56813687086105	0.37821707129478	49.550467273357	0.0000000000000
42.736000061035	 -0.56478703022003	0.38443094491959	49.550467273357	0.0000000000000
42.751998901367	 -0.56136476993561	0.39061272144318	49.550467273357	0.0000000000000
42.768001556396	 -0.55787122249603	0.39676037430763	49.550467273357	0.0000000000000
42.784000396729	 -0.55430603027344	0.40287420153618	49.550467273357	0.0000000000000
42.799999237061	 -0.55066943168640	0.40895313024521	49.550467273357	0.0000000000000
42.816001892090	 -0.54696214199066	0.41499584913254	49.550467273357	0.0000000000000
42.832000732422	 -0.54318398237228	0.42100188136101	49.550467273357	0.0000000000000
42.847999572754	 -0.53933596611023	0.42696988582611	49.550467273357	0.0000000000000
42.863998413086	 -0.53541749715805	0.43289995193481	49.550467273357	0.0000000000000
42.880001068115	 -0.53143024444580	0.43878969550133	49.550467273357	0.0000000000000
42.895999908447	 -0.52737325429916	0.44463971257210	49.550467273357	0.0000000000000
42.911998748779	 -0.52324783802032	0.45044809579849	49.550467273357	0.0000000000000
42.928001403809	 -0.51905351877213	0.45621499419212	49.550467273357	0.0000000000000
42.944000244141	 -0.51479208469391	0.46193796396255	49.550467273357	0.0000000000000
42.959999084473	 -0.51046264171600	0.46761775016785	49.550467273357	0.0000000000000
42.976001739502	 -0.50606608390808	0.47325283288956	49.550467273357	0.0000000000000
42.992000579834	 -0.50160372257233	0.47884148359299	49.550467273357	0.0000000000000
43.007999420166	 -0.49707522988319	0.48438373208046	49.550467273357	0.0000000000000
43.023998260498	 -0.49248063564301	0.48987933993340	49.550467273357	0.0000000000000
43.040000915527	 -0.48782172799110	0.49532583355904	49.550467273357	0.0000000000000
43.055999755859	 -0.48309823870659	0.50072354078293	49.550467273357	0.0000000000000
43.071998596191	 -0.47831109166145	0.50607097148895	49.550467273357	0.0000000000000
43.088001251221	 -0.47345989942551	0.51136833429337	49.550467273357	0.0000000000000
43.104000091553	 -0.46854773163795	0.51661264896393	49.550467273357	0.0000000000000
43.119998931885	 -0.46357262134552	0.52180516719818	49.550467273357	0.0000000000000
43.136001586914	 -0.45853623747826	0.52694439888000	49.550467273357	0.0000000000000
43.152000427246	 -0.45343917608261	0.53202939033508	49.550467273357	0.0000000000000
43.167999267578	 -0.44828251004219	0.53705900907516	49.550467273357	0.0000000000000
43.183998107910	 -0.44306597113609	0.54203343391418	49.550467273357	0.0000000000000
43.200000762939	 -0.43779110908508	0.54695105552673	49.550467273357	0.0000000000000
43.215999603271	 -0.43245822191238	0.55181151628494	49.550467273357	0.0000000000000
43.231998443604	 -0.42706838250160	0.55661368370056	49.550467273357	0.0000000000000
43.248001098633	 -0.42162233591080	0.56135690212250	49.550467273357	0.0000000000000
43.263999938965	 -0.41612032055855	0.56604087352753	49.550467273357	0.0000000000000
43.279998779297	 -0.41056406497955	0.57066422700882	49.550467273357	0.0000000000000
43.296001434326	 -0.40495321154594	0.57522690296173	49.550467273357	0.0000000000000
43.312000274658	 -0.39928963780403	0.57972764968872	49.550467273357	0.0000000000000
43.327999114990	 -0.39357298612595	0.58416652679443	49.550467273357	0.0000000000000
43.344001770020	 -0.38780513405800	0.58854216337204	49.550467273357	0.0000000000000
43.360000610352	 -0.38198629021645	0.59285438060760	49.550467273357	0.0000000000000
43.375999450684	 -0.37611833214760	0.59710192680359	49.550467273357	0.0000000000000
43.391998291016	 -0.37020045518875	0.60128521919250	49.550467273357	0.0000000000000
43.408000946045	 -0.36423510313034	0.60540264844894	49.550467273357	0.0000000000000
43.423999786377	 -0.35822254419327	0.60945409536362	49.550467273357	0.0000000000000
43.439998626709	 -0.35216307640076	0.61343944072723	49.550467273357	0.0000000000000
43.456001281738	 -0.34605857729912	0.61735737323761	49.550467273357	0.0000000000000
43.472000122070	 -0.33990880846977	0.62120819091797	49.550467273357	0.0000000000000
43.487998962402	 -0.33371636271477	0.62499046325684	49.550467273357	0.0000000000000
43.504001617432	 -0.32748091220856	0.62870430946350	49.550467273357	0.0000000000000
43.520000457764	 -0.32120326161385	0.63234937191010	49.550467273357	0.0000000000000
43.535999298096	 -0.31488496065140	0.63592499494553	49.550467273357	0.0000000000000
43.551998138428	 -0.30852621793747	0.63943088054657	49.550467273357	0.0000000000000
43.568000793457	 -0.30212858319283	0.64286655187607	49.550467273357	0.0000000000000
43.583999633789	 -0.29569345712662	0.64623129367828	49.550467273357	0.0000000000000
43.599998474121	 -0.28922054171562	0.64952528476715	49.550467273357	0.0000000000000
43.616001129150	 -0.28271135687828	0.65274804830551	49.550467273357	0.0000000000000
43.631999969482	 -0.27616736292839	0.65589886903763	49.550467273357	0.0000000000000
43.647998809814	 -0.26958826184273	0.65897804498672	49.550467273357	0.0000000000000
43.664001464844	 -0.26297613978386	0.66198486089706	49.550467273357	0.0000000000000
43.680000305176	 -0.25633132457733	0.66491919755936	49.550467273357	0.0000000000000
43.695999145508	 -0.24965465068817	0.66778087615967	49.550467273357	0.0000000000000
43.712001800537	 -0.24294701218605	0.67056953907013	49.550467273357	0.0000000000000
43.728000640869	 -0.23621000349522	0.67328488826752	49.550467273357	0.0000000000000
43.743999481201	 -0.22944381833076	0.67592686414719	49.550467273357	0.0000000000000
43.759998321533	 -0.22264936566353	0.67849528789520	49.550467273357	0.0000000000000
43.776000976562	 -0.21582753956318	0.68098998069763	49.550467273357	0.0000000000000
43.791999816895	 -0.20898051559925	0.68341034650803	49.550467273357	0.0000000000000
43.807998657227	 -0.20210726559162	0.68575686216354	49.550467273357	0.0000000000000
43.824001312256	 -0.19521060585976	0.68802881240845	49.550467273357	0.0000000000000
43.840000152588	 -0.18828879296780	0.69022679328918	49.550467273357	0.0000000000000
43.855998992920	 -0.18134468793869	0.69235008955002	49.550467273357	0.0000000000000
43.872001647949	 -0.17437984049320	0.69439852237701	49.550467273357	0.0000000000000
43.888000488281	 -0.16739314794540	0.69637244939804	49.550467273357	0.0000000000000
43.903999328613	 -0.16038545966148	0.69827175140381	49.550467273357	0.0000000000000
43.919998168945	 -0.15335965156555	0.70009589195251	49.550467273357	0.0000000000000
43.936000823975	 -0.14631457626820	0.70184522867203	49.550467273357	0.0000000000000
43.951999664307	 -0.13925246894360	0.70351952314377	49.550467273357	0.0000000000000
43.967998504639	 -0.13217282295227	0.70511889457703	49.550467273357	0.0000000000000
43.984001159668	 -0.12507782876492	0.70664292573929	49.550467273357	0.0000000000000
44.000000000000	 -0.11796701699495	0.70809209346771	49.550467273357	0.0000000000000
44.015998840332	 -0.11084120720625	0.70946609973907	49.550467273357	0.0000000000000
44.032001495361	 -0.10370261967182	0.71076482534409	49.550467273357	0.0000000000000
44.048000335693	 -0.096550725400448	0.71198832988739	49.550467273357	0.0000000000000
44.063999176025	 -0.089385695755482	0.71313679218292	49.550467273357	0.0000000000000
44.080001831055	 -0.082210376858711	0.71420991420746	49.550467273357	0.0000000000000
44.096000671387	 -0.075024262070656	0.71520781517029	49.550467273357	0.0000000000000
44.111999511719	 -0.067827492952347	0.71613049507141	49.550467273357	0.0000000000000
44.127998352051	 -0.060622248798609	0.71697789430618	49.550467273357	0.0000000000000
44.144001007080	 -0.053408678621054	0.71775013208389	49.550467273357	0.0000000000000
44.159999847412	 -0.046187587082386	0.71844708919525	49.550467273357	0.0000000000000
44.175998687744	 -0.038958430290222	0.71906888484955	49.550467273357	0.0000000000000
44.192001342773	 -0.031724072992802	0.71961545944214	49.550467273357	0.0000000000000
44.208000183105	 -0.024483256042004	0.72008675336838	49.550467273357	0.0000000000000
44.223999023438	 -0.017238177359104	0.72048288583755	49.550467273357	0.0000000000000
44.240001678467	 -0.0099889459088445	0.72080379724503	49.550467273357	0.0000000000000
44.256000518799	 -0.0027363672852516	0.72104948759079	49.550467273357	0.0000000000000
44.271999359131	0.0045187547802925	0.72122001647949	49.550467273357	0.0000000000000
44.287998199463	0.011777684092522	0.72131532430649	49.550467273357	0.0000000000000
44.304000854492	0.019036177545786	0.72133547067642	49.550467273357	0.0000000000000
44.319999694824	0.026295499876142	0.72128039598465	49.550467273357	0.0000000000000
44.335998535156	0.033554855734110	0.72115021944046	49.550467273357	0.0000000000000
44.352001190186	0.040813442319632	0.72094482183456	49.550467273357	0.0000000000000
44.368000030518	0.048070456832647	0.72066420316696	49.550467273357	0.0000000000000
44.383998870850	0.055326484143734	0.72030842304230	49.550467273357	0.0000000000000
44.400001525879	0.062578648328781	0.71987748146057	49.550467273357	0.0000000000000
44.416000366211	0.069827526807785	0.71937137842178	49.550467273357	0.0000000000000
44.431999206543	0.077071636915207	0.71879017353058	49.550467273357	0.0000000000000
44.448001861572	0.084310851991177	0.71813374757767	49.550467273357	0.0000000000000
44.464000701904	0.091544367372990	0.71740216016769	49.550467273357	0.0000000000000
44.479999542236	0.098771385848522	0.71659541130066	49.550467273357	0.0000000000000
44.495998382568	0.10599244385958	0.71571332216263	49.550467273357	0.0000000000000
44.512001037598	0.11320471018553	0.71475625038147	49.550467273357	0.0000000000000
44.527999877930	0.12040869891644	0.71372389793396	49.550467273357	0.0000000000000
44.543998718262	0.12760224938393	0.71261656284332	49.550467273357	0.0000000000000
44.560001373291	0.13478726148605	0.71143388748169	49.550467273357	0.0000000000000
44.576000213623	0.14196018874645	0.71017622947693	49.550467273357	0.0000000000000
44.591999053955	0.14912226796150	0.70884335041046	49.550467273357	0.0000000000000
44.608001708984	0.15627193450928	0.70743530988693	49.550467273357	0.0000000000000
44.624000549316	0.16340841352940	0.70595228672028	49.550467273357	0.0000000000000
44.639999389648	0.17053017020226	0.70439434051514	49.550467273357	0.0000000000000
44.655998229980	0.17763905227184	0.70276099443436	49.550467273357	0.0000000000000
44.672000885010	0.18473018705845	0.70105314254761	49.550467273357	0.0000000000000
44.687999725342	0.19180607795715	0.69927006959915	49.550467273357	0.0000000000000
44.703998565674	0.19886523485184	0.69741213321686	49.550467273357	0.0000000000000
44.720001220703	0.20590546727180	0.69547957181931	49.550467273357	0.0000000000000
44.736000061035	0.21292786300182	0.69347196817398	49.550467273357	0.0000000000000
44.751998901367	0.21992960572243	0.69139003753662	49.550467273357	0.0000000000000
44.768001556396	0.22691184282303	0.68923324346542	49.550467273357	0.0000000000000
44.784000396729	0.23387169837952	0.68700230121613	49.550467273357	0.0000000000000
44.799999237061	0.24081028997898	0.68469667434692	49.550467273357	0.0000000000000
44.816001892090	0.24772608280182	0.68231672048569	49.550467273357	0.0000000000000
44.832000732422	0.25461691617966	0.67986303567886	49.550467273357	0.0000000000000
44.847999572754	0.26148319244385	0.67733520269394	49.550467273357	0.0000000000000
44.863998413086	0.26832339167595	0.67473375797272	49.550467273357	0.0000000000000
44.880001068115	0.27513861656189	0.67205810546875	49.550467273357	0.0000000000000
44.895999908447	0.28192472457886	0.66930949687958	49.550467273357	0.0000000000000
44.911998748779	0.28868278861046	0.66648769378662	49.550467273357	0.0000000000000
44.928001403809	0.29541066288948	0.66359311342239	49.550467273357	0.0000000000000
44.944000244141	0.30210870504379	0.66062563657761	49.550467273357	0.0000000000000
44.959999084473	0.30877608060837	0.65758544206619	49.550467273357	0.0000000000000
44.976001739502	0.31541061401367	0.65447324514389	49.550467273357	0.0000000000000
44.992000579834	0.32201212644577	0.65128916501999	49.550467273357	0.0000000000000
45.007999420166	0.32858031988144	0.64803314208984	49.550467273357	0.0000000000000
45.023998260498	0.33511301875114	0.64470607042313	49.550467273357	0.0000000000000
45.040000915527	0.34160950779915	0.64130830764771	49.550467273357	0.0000000000000
45.055999755859	0.34806883335114	0.63784009218216	49.550467273357	0.0000000000000
45.071998596191	0.35449138283730	0.63430118560791	49.550467273357	0.0000000000000
45.088001251221	0.36087387800217	0.63069331645966	49.550467273357	0.0000000000000
45.104000091553	0.36721727252007	0.62701576948166	49.550467273357	0.0000000000000
45.119998931885	0.37352016568184	0.62326931953430	49.550467273357	0.0000000000000
45.136001586914	0.37978109717369	0.61945480108261	49.550467273357	0.0000000000000
45.152000427246	0.38599988818169	0.61557221412659	49.550467273357	0.0000000000000
45.167999267578	0.39217442274094	0.61162269115448	49.550467273357	0.0000000000000
45.183998107910	0.39830577373505	0.60760575532913	49.550467273357	0.0000000000000
45.200000762939	0.40439140796661	0.60352295637131	49.550467273357	0.0000000000000
45.215999603271	0.41043043136597	0.59937471151352	49.550467273357	0.0000000000000
45.231998443604	0.41642275452614	0.59516131877899	49.550467273357	0.0000000000000
45.248001098633	0.42236641049385	0.59088397026062	49.550467273357	0.0000000000000
45.263999938965	0.42826235294342	0.58654206991196	49.550467273357	0.0000000000000
45.279998779297	0.43410766124725	0.58213794231415	49.550467273357	0.0000000000000
45.296001434326	0.43990263342857	0.57767122983932	49.550467273357	0.0000000000000
45.312000274658	0.44564661383629	0.57314258813858	49.550467273357	0.0000000000000
45.327999114990	0.45133781433105	0.56855350732803	49.550467273357	0.0000000000000
45.344001770020	0.45697611570358	0.56390416622162	49.550467273357	0.0000000000000
45.360000610352	0.46256029605865	0.55919581651688	49.550467273357	0.0000000000000
45.375999450684	0.46809020638466	0.55442851781845	49.550467273357	0.0000000000000
45.391998291016	0.47356480360031	0.54960352182388	49.550467273357	0.0000000000000
45.408000946045	0.47898334264755	0.54472148418427	49.550467273357	0.0000000000000
45.423999786377	0.48434481024742	0.53978371620178	49.550467273357	0.0000000000000
45.439998626709	0.48964908719063	0.53479039669037	49.550467273357	0.0000000000000
45.456001281738	0.49489417672157	0.52974367141724	49.550467273357	0.0000000000000
45.472000122070	0.50008147954941	0.52464252710342	49.550467273357	0.0000000000000
45.487998962402	0.50520849227905	0.51948958635330	49.550467273357	0.0000000000000
45.504001617432	0.51027578115463	0.51428478956223	49.550467273357	0.0000000000000
45.520000457764	0.51528179645538	0.50902974605560	49.550467273357	0.0000000000000
45.535999298096	0.52022713422775	0.50372451543808	49.550467273357	0.0000000000000
45.551998138428	0.52511036396027	0.49837070703506	49.550467273357	0.0000000000000
45.568000793457	0.52993112802505	0.49296939373016	49.550467273357	0.0000000000000
45.583999633789	0.53468900918961	0.48752129077911	49.550467273357	0.0000000000000
45.599998474121	0.53938317298889	0.48202773928642	49.550467273357	0.0000000000000
45.616001129150	0.54401379823685	0.47648927569389	49.550467273357	0.0000000000000
45.631999969482	0.54857999086380	0.47090718150139	49.550467273357	0.0000000000000
45.647998809814	0.55308204889297	0.46528184413910	49.550467273357	0.0000000000000
45.664001464844	0.55751878023148	0.45961520075798	49.550467273357	0.0000000000000
45.680000305176	0.56189072132111	0.45390707254410	49.550467273357	0.0000000000000
45.695999145508	0.56619602441788	0.44816061854362	49.550467273357	0.0000000000000
45.712001800537	0.57043617963791	0.44237449765205	49.550467273357	0.0000000000000
45.728000640869	0.57460957765579	0.43655124306679	49.550467273357	0.0000000000000
45.743999481201	0.57871675491333	0.43069124221802	49.550467273357	0.0000000000000
45.759998321533	0.58275735378265	0.42479547858238	49.550467273357	0.0000000000000
45.776000976562	0.58673059940338	0.41886591911316	49.550467273357	0.0000000000000
45.791999816895	0.59063708782196	0.41290238499641	49.550467273357	0.0000000000000
45.807998657227	0.59447675943375	0.40690577030182	49.550467273357	0.0000000000000
45.824001312256	0.59824889898300	0.40087813138962	49.550467273357	0.0000000000000
45.840000152588	0.60195374488831	0.39481982588768	49.550467273357	0.0000000000000
45.855998992920	0.60559129714966	0.38873177766800	49.550467273357	0.0000000000000
45.872001647949	0.60916119813919	0.38261541724205	49.550467273357	0.0000000000000
45.888000488281	0.61266392469406	0.37647113204002	49.550467273357	0.0000000000000
45.903999328613	0.61609905958176	0.37030035257339	49.550467273357	0.0000000000000
45.919998168945	0.61946672201157	0.36410403251648	49.550467273357	0.0000000000000
45.936000823975	0.62276703119278	0.35788300633430	49.550467273357	0.0000000000000
45.951999664307	0.62600028514862	0.35163757205009	49.550467273357	0.0000000000000
45.967998504639	0.62916606664658	0.34536978602409	49.550467273357	0.0000000000000
45.984001159668	0.63226521015167	0.33907935023308	49.550467273357	0.0000000000000
46.000000000000	0.63529706001282	0.33276829123497	49.550467273357	0.0000000000000
46.015998840332	0.63826215267181	0.32643684744835	49.550467273357	0.0000000000000
46.032001495361	0.64116078615189	0.32008594274521	49.550467273357	0.0000000000000
46.048000335693	0.64399325847626	0.31371563673019	49.550467273357	0.0000000000000
46.063999176025	0.64675921201706	0.30732807517052	49.550467273357	0.0000000000000
46.080001831055	0.64945954084396	0.30092284083366	49.550467273357	0.0000000000000
46.096000671387	0.65209382772446	0.29450190067291	49.550467273357	0.0000000000000
46.111999511719	0.65466260910034	0.28806546330452	49.550467273357	0.0000000000000
46.127998352051	0.65716606378555	0.28161427378654	49.550467273357	0.0000000000000
46.144001007080	0.65960502624512	0.27514788508415	49.550467273357	0.0000000000000
46.159999847412	0.66197866201401	0.26866948604584	49.550467273357	0.0000000000000
46.175998687744	0.66428834199905	0.26217734813690	49.550467273357	0.0000000000000
46.192001342773	0.66653370857239	0.25567340850830	49.550467273357	0.0000000000000
46.208000183105	0.66871553659439	0.24915714561939	49.550467273357	0.0000000000000
46.223999023438	0.67083340883255	0.24263115227222	49.550467273357	0.0000000000000
46.240001678467	0.67288833856583	0.23609417676926	49.550467273357	0.0000000000000
46.256000518799	0.67488008737564	0.22954820096493	49.550467273357	0.0000000000000
46.271999359131	0.67680943012238	0.22299258410931	49.550467273357	0.0000000000000
46.287998199463	0.67867636680603	0.21642859280109	49.550467273357	0.0000000000000
46.304000854492	0.68048161268234	0.20985561609268	49.550467273357	0.0000000000000
46.319999694824	0.68222481012344	0.20327612757683	49.550467273357	0.0000000000000
46.335998535156	0.68390685319901	0.19668887555599	49.550467273357	0.0000000000000
46.352001190186	0.68552786111832	0.19009506702423	49.550467273357	0.0000000000000
46.368000030518	0.68708825111389	0.18349462747574	49.550467273357	0.0000000000000
46.383998870850	0.68858820199966	0.17688812315464	49.550467273357	0.0000000000000
46.400001525879	0.69002789258957	0.17027677595615	49.550467273357	0.0000000000000
46.416000366211	0.69140785932541	0.16365979611874	49.550467273357	0.0000000000000
46.431999206543	0.69272834062576	0.15703773498535	49.550467273357	0.0000000000000
46.448001861572	0.69398957490921	0.15041111409664	49.550467273357	0.0000000000000
46.464000701904	0.69519168138504	0.14378109574318	49.550467273357	0.0000000000000
46.479999542236	0.69633513689041	0.13714689016342	49.550467273357	0.0000000000000
46.495998382568	0.69742017984390	0.13050894439220	49.550467273357	0.0000000000000
46.512001037598	0.69844681024551	0.12386845052242	49.550467273357	0.0000000000000
46.527999877930	0.69941550493240	0.11722452193499	49.550467273357	0.0000000000000
46.543998718262	0.70032644271851	0.11057762801647	49.550467273357	0.0000000000000
46.560001373291	0.70117974281311	0.10392890870571	49.550467273357	0.0000000000000
46.576000213623	0.70197570323944	0.097277477383614	49.550467273357	0.0000000000000
46.591999053955	0.70271450281143	0.090623766183853	49.550467273357	0.0000000000000
46.608001708984	0.70339626073837	0.083968222141266	49.550467273357	0.0000000000000
46.624000549316	0.70402103662491	0.077311947941780	49.550467273357	0.0000000000000
46.639999389648	0.70458918809891	0.070653349161148	49.550467273357	0.0000000000000
46.655998229980	0.70510059595108	0.063994191586971	49.550467273357	0.0000000000000
46.672000885010	0.70555561780930	0.057334225624800	49.550467273357	0.0000000000000
46.687999725342	0.70595413446426	0.050673197954893	49.550467273357	0.0000000000000
46.703998565674	0.70629644393921	0.044011514633894	49.550467273357	0.0000000000000
46.720001220703	0.70658248662949	0.037349577993155	49.550467273357	0.0000000000000
46.736000061035	0.70681238174438	0.030687121674418	49.550467273357	0.0000000000000
46.751998901367	0.70698606967926	0.024025227874517	49.550467273357	0.0000000000000
46.768001556396	0.70710378885269	0.017362272366881	49.550467273357	0.0000000000000
46.784000396729	0.70716530084610	0.010700684972107	49.550467273357	0.0000000000000
46.799999237061	0.70717072486877	0.0040395157411695	49.550467273357	0.0000000000000
46.816001892090	0.70712012052536	 -0.0026215054094791	49.550467273357	0.0000000000000
46.832000732422	0.70701336860657	 -0.0092813018709421	49.550467273357	0.0000000000000
46.847999572754	0.70685046911240	 -0.015940142795444	49.550467273357	0.0000000000000
46.863998413086	0.70663142204285	 -0.022597620263696	49.550467273357	0.0000000000000
46.880001068115	0.70635610818863	 -0.029253330081701	49.550467273357	0.0000000000000
46.895999908447	0.70602446794510	 -0.035907529294491	49.550467273357	0.0000000000000
46.911998748779	0.70563638210297	 -0.042560480535030	49.550467273357	0.0000000000000
46.928001403809	0.70519185066223	 -0.049210414290428	49.550467273357	0.0000000000000
46.944000244141	0.70469069480896	 -0.055858258157969	49.550467273357	0.0000000000000
46.959999084473	0.70413285493851	 -0.062502913177013	49.550467273357	0.0000000000000
46.976001739502	0.70351815223694	 -0.069145970046520	49.550467273357	0.0000000000000
46.992000579834	0.70284652709961	 -0.075784958899021	49.550467273357	0.0000000000000
47.007999420166	0.70211791992188	 -0.082420147955418	49.550467273357	0.0000000000000
47.023998260498	0.70133197307587	 -0.089052386581898	49.550467273357	0.0000000000000
47.040000915527	0.70048868656158	 -0.095680594444275	49.550467273357	0.0000000000000
47.055999755859	0.69958794116974	 -0.10230361670256	49.550467273357	0.0000000000000
47.071998596191	0.69862955808640	 -0.10892233997583	49.550467273357	0.0000000000000
47.088001251221	0.69761335849762	 -0.11553561687469	49.550467273357	0.0000000000000
47.104000091553	0.69653910398483	 -0.12214431911707	49.550467273357	0.0000000000000
47.119998931885	0.69540667533875	 -0.12874728441238	49.550467273357	0.0000000000000
47.136001586914	0.69421589374542	 -0.13534404337406	49.550467273357	0.0000000000000
47.152000427246	0.69296663999557	 -0.14193475246429	49.550467273357	0.0000000000000
47.167999267578	0.69165891408920	 -0.14851756393909	49.550467273357	0.0000000000000
47.183998107910	0.69029223918915	 -0.15509399771690	49.550467273357	0.0000000000000
47.200000762939	0.68886685371399	 -0.16166153550148	49.550467273357	0.0000000000000
47.215999603271	0.68738192319870	 -0.16822226345539	49.550467273357	0.0000000000000
47.231998443604	0.68583810329437	 -0.17477306723595	49.550467273357	0.0000000000000
47.248001098633	0.68423455953598	 -0.18131603300571	49.550467273357	0.0000000000000
47.263999938965	0.68257147073746	 -0.18784928321838	49.550467273357	0.0000000000000
47.279998779297	0.68084889650345	 -0.19437165558338	49.550467273357	0.0000000000000
47.296001434326	0.67906635999680	 -0.20088388025761	49.550467273357	0.0000000000000
47.312000274658	0.67722368240356	 -0.20738539099693	49.550467273357	0.0000000000000
47.327999114990	0.67532104253769	 -0.21387501060963	49.550467273357	0.0000000000000
47.344001770020	0.67335802316666	 -0.22035275399685	49.550467273357	0.0000000000000
47.360000610352	0.67133462429047	 -0.22681811451912	49.550467273357	0.0000000000000
47.375999450684	0.66925090551376	 -0.23326982557774	49.550467273357	0.0000000000000
47.391998291016	0.66710668802261	 -0.23970797657967	49.550467273357	0.0000000000000
47.408000946045	0.66490149497986	 -0.24613256752491	49.550467273357	0.0000000000000
47.423999786377	0.66263598203659	 -0.25254115462303	49.550467273357	0.0000000000000
47.439998626709	0.66030949354172	 -0.25893500447273	49.550467273357	0.0000000000000
47.456001281738	0.65792244672775	 -0.26531231403351	49.550467273357	0.0000000000000
47.472000122070	0.65547436475754	 -0.27167302370071	49.550467273357	0.0000000000000
47.487998962402	0.65296518802643	 -0.27801722288132	49.550467273357	0.0000000000000
47.504001617432	0.65039503574371	 -0.28434365987778	49.550467273357	0.0000000000000
47.520000457764	0.64776414632797	 -0.29065105319023	49.550467273357	0.0000000000000
47.535999298096	0.64507234096527	 -0.29693952202797	49.550467273357	0.0000000000000
47.551998138428	0.64231991767883	 -0.30320772528648	49.550467273357	0.0000000000000
47.568000793457	0.63950651884079	 -0.30945572257042	49.550467273357	0.0000000000000
47.583999633789	0.63663160800934	 -0.31568410992622	49.550467273357	0.0000000000000
47.599998474121	0.63369679450989	 -0.32188922166824	49.550467273357	0.0000000000000
47.616001129150	0.63070052862167	 -0.32807350158691	49.550467273357	0.0000000000000
47.631999969482	0.62764376401901	 -0.33423444628716	49.550467273357	0.0000000000000
47.647998809814	0.62452638149261	 -0.34037211537361	49.550467273357	0.0000000000000
47.664001464844	0.62134844064713	 -0.34648591279984	49.550467273357	0.0000000000000
47.680000305176	0.61811029911041	 -0.35257452726364	49.550467273357	0.0000000000000
47.695999145508	0.61481177806854	 -0.35863798856735	49.550467273357	0.0000000000000
47.712001800537	0.61145299673080	 -0.36467567086220	49.550467273357	0.0000000000000
47.728000640869	0.60803437232971	 -0.37068644165993	49.550467273357	0.0000000000000
47.743999481201	0.60455578565598	 -0.37667021155357	49.550467273357	0.0000000000000
47.759998321533	0.60101729631424	 -0.38262641429901	49.550467273357	0.0000000000000
47.776000976562	0.59741914272308	 -0.38855439424515	49.550467273357	0.0000000000000
47.791999816895	0.59376174211502	 -0.39445298910141	49.550467273357	0.0000000000000
47.807998657227	0.59004497528076	 -0.40032213926315	49.550467273357	0.0000000000000
47.824001312256	0.58626943826675	 -0.40616074204445	49.550467273357	0.0000000000000
47.840000152588	0.58243447542191	 -0.41196930408478	49.550467273357	0.0000000000000
47.855998992920	0.57854157686234	 -0.41774559020996	49.550467273357	0.0000000000000
47.872001647949	0.57458961009979	 -0.42349055409431	49.550467273357	0.0000000000000
47.888000488281	0.57057976722717	 -0.42920264601707	49.550467273357	0.0000000000000
47.903999328613	0.56651169061661	 -0.43488174676895	49.550467273357	0.0000000000000
47.919998168945	0.56238573789597	 -0.44052723050117	49.550467273357	0.0000000000000
47.936000823975	0.55820214748383	 -0.44613862037659	49.550467273357	0.0000000000000
47.951999664307	0.55396145582199	 -0.45171469449997	49.550467273357	0.0000000000000
47.967998504639	0.54966360330582	 -0.45725551247597	49.550467273357	0.0000000000000
47.984001159668	0.54530841112137	 -0.46276089549065	49.550467273357	0.0000000000000
48.000000000000	0.54089695215225	 -0.46822932362556	49.550467273357	0.0000000000000
48.015998840332	0.53642916679382	 -0.47366073727608	49.550467273357	0.0000000000000
48.032001495361	0.53190475702286	 -0.47905510663986	49.550467273357	0.0000000000000
48.048000335693	0.52732449769974	 -0.48441118001938	49.550467273357	0.0000000000000
48.063999176025	0.52268922328949	 -0.48972803354263	49.550467273357	0.0000000000000
48.080001831055	0.51799720525742	 -0.49500709772110	49.550467273357	0.0000000000000
48.096000671387	0.51325064897537	 -0.50024574995041	49.550467273357	0.0000000000000
48.111999511719	0.50844895839691	 -0.50544440746307	49.550467273357	0.0000000000000
48.127998352051	0.50359290838242	 -0.51060205698013	49.550467273357	0.0000000000000
48.144001007080	0.49868223071098	 -0.51571863889694	49.550467273357	0.0000000000000
48.159999847412	0.49371677637100	 -0.52079397439957	49.550467273357	0.0000000000000
48.175998687744	0.48869740962982	 -0.52582699060440	49.550467273357	0.0000000000000
48.192001342773	0.48362481594086	 -0.53081673383713	49.550467273357	0.0000000000000
48.208000183105	0.47849842905998	 -0.53576356172562	49.550467273357	0.0000000000000
48.223999023438	0.47331845760345	 -0.54066681861877	49.550467273357	0.0000000000000
48.240001678467	0.46808522939682	 -0.54552590847015	49.550467273357	0.0000000000000
48.256000518799	0.46279904246330	 -0.55034029483795	49.550467273357	0.0000000000000
48.271999359131	0.45745918154716	 -0.55511021614075	49.550467273357	0.0000000000000
48.287998199463	0.45206859707832	 -0.55983293056488	49.550467273357	0.0000000000000
48.304000854492	0.44662550091743	 -0.56450951099396	49.550467273357	0.0000000000000
48.319999694824	0.44113019108772	 -0.56913942098618	49.550467273357	0.0000000000000
48.335998535156	0.43558302521706	 -0.57372206449509	49.550467273357	0.0000000000000
48.352001190186	0.42998370528221	 -0.57825708389282	49.550467273357	0.0000000000000
48.368000030518	0.42433258891106	 -0.58274400234222	49.550467273357	0.0000000000000
48.383998870850	0.41863110661507	 -0.58718127012253	49.550467273357	0.0000000000000
48.400001525879	0.41287848353386	 -0.59156912565231	49.550467273357	0.0000000000000
48.416000366211	0.40707504749298	 -0.59590685367584	49.550467273357	0.0000000000000
48.431999206543	0.40122222900391	 -0.60019302368164	49.550467273357	0.0000000000000
48.448001861572	0.39531764388084	 -0.60442894697189	49.550467273357	0.0000000000000
48.464000701904	0.38936197757721	 -0.60861355066299	49.550467273357	0.0000000000000
48.479999542236	0.38335809111595	 -0.61274456977844	49.550467273357	0.0000000000000
48.495998382568	0.37730386853218	 -0.61682289838791	49.550467273357	0.0000000000000
48.512001037598	0.37120094895363	 -0.62084698677063	49.550467273357	0.0000000000000
48.527999877930	0.36504787206650	 -0.62481731176376	49.550467273357	0.0000000000000
48.543998718262	0.35884493589401	 -0.62873309850693	49.550467273357	0.0000000000000
48.560001373291	0.35259494185448	 -0.63259220123291	49.550467273357	0.0000000000000
48.576000213623	0.34629473090172	 -0.63639593124390	49.550467273357	0.0000000000000
48.591999053955	0.33994755148888	 -0.64014190435410	49.550467273357	0.0000000000000
48.608001708984	0.33355212211609	 -0.64383029937744	49.550467273357	0.0000000000000
48.624000549316	0.32710811495781	 -0.64746063947678	49.550467273357	0.0000000000000
48.639999389648	0.32061663269997	 -0.65103191137314	49.550467273357	0.0000000000000
48.655998229980	0.31407865881920	 -0.65454292297363	49.550467273357	0.0000000000000
48.672000885010	0.30749273300171	 -0.65799379348755	49.550467273357	0.0000000000000
48.687999725342	0.30086120963097	 -0.66138285398483	49.550467273357	0.0000000000000
48.703998565674	0.29418259859085	 -0.66471016407013	49.550467273357	0.0000000000000
48.720001220703	0.28745737671852	 -0.66797482967377	49.550467273357	0.0000000000000
48.736000061035	0.28068855404854	 -0.67117500305176	49.550467273357	0.0000000000000
48.751998901367	0.27387344837189	 -0.67431104183197	49.550467273357	0.0000000000000
48.768001556396	0.26701378822327	 -0.67738175392151	49.550467273357	0.0000000000000
48.784000396729	0.26010876893997	 -0.68038660287857	49.550467273357	0.0000000000000
48.799999237061	0.25316092371941	 -0.68332409858704	49.550467273357	0.0000000000000
48.816001892090	0.24616877734661	 -0.68619406223297	49.550467273357	0.0000000000000
48.832000732422	0.23913358151913	 -0.68899536132812	49.550467273357	0.0000000000000
48.847999572754	0.23205520212650	 -0.69172739982605	49.550467273357	0.0000000000000
48.863998413086	0.22493553161621	 -0.69438868761063	49.550467273357	0.0000000000000
48.880001068115	0.21777455508709	 -0.69697862863541	49.550467273357	0.0000000000000
48.895999908447	0.21057157218456	 -0.69949686527252	49.550467273357	0.0000000000000
48.911998748779	0.20332916080952	 -0.70194172859192	49.550467273357	0.0000000000000
48.928001403809	0.19604599475861	 -0.70431303977966	49.550467273357	0.0000000000000
48.944000244141	0.18872408568859	 -0.70660942792892	49.550467273357	0.0000000000000
48.959999084473	0.18136347830296	 -0.70883011817932	49.550467273357	0.0000000000000
48.976001739502	0.17396552860737	 -0.71097427606583	49.550467273357	0.0000000000000
48.992000579834	0.16653028130531	 -0.71304094791412	49.550467273357	0.0000000000000
49.007999420166	0.15905854105949	 -0.71502935886383	49.550467273357	0.0000000000000
49.023998260498	0.15155103802681	 -0.71693855524063	49.550467273357	0.0000000000000
49.040000915527	0.14400926232338	 -0.71876758337021	49.550467273357	0.0000000000000
49.055999755859	0.13643333315849	 -0.72051566839218	49.550467273357	0.0000000000000
49.071998596191	0.12882412970066	 -0.72218203544617	49.550467273357	0.0000000000000
49.088001251221	0.12118314951658	 -0.72376555204391	49.550467273357	0.0000000000000
49.104000091553	0.11351059377193	 -0.72526556253433	49.550467273357	0.0000000000000
49.119998931885	0.10580806434155	 -0.72668123245239	49.550467273357	0.0000000000000
49.136001586914	0.098075777292252	 -0.72801166772842	49.550467273357	0.0000000000000
49.152000427246	0.090315386652946	 -0.72925609350204	49.550467273357	0.0000000000000
49.167999267578	0.082527145743370	 -0.73041373491287	49.550467273357	0.0000000000000
49.183998107910	0.074714124202728	 -0.73148363828659	49.550467273357	0.0000000000000
49.200000762939	0.066874548792839	 -0.73246532678604	49.550467273357	0.0000000000000
49.215999603271	0.059011530131102	 -0.73335784673691	49.550467273357	0.0000000000000
49.231998443604	0.051126115024090	 -0.73416042327881	49.550467273357	0.0000000000000
49.248001098633	0.043218672275543	 -0.73487263917923	49.550467273357	0.0000000000000
49.263999938965	0.035290975123644	 -0.73549348115921	49.550467273357	0.0000000000000
49.279998779297	0.027343425899744	 -0.73602253198624	49.550467273357	0.0000000000000
49.296001434326	0.019378550350666	 -0.73645901679993	49.550467273357	0.0000000000000
49.312000274658	0.011396775953472	 -0.73680233955383	49.550467273357	0.0000000000000
49.327999114990	0.0033999618608505	 -0.73705208301544	49.550467273357	0.0000000000000
49.344001770020	 -0.0046114297583699	 -0.73720747232437	49.550467273357	0.0000000000000
49.360000610352	 -0.012634809128940	 -0.73726809024811	49.550467273357	0.0000000000000
49.375999450684	 -0.020670386031270	 -0.73723345994949	49.550467273357	0.0000000000000
49.391998291016	 -0.028715541586280	 -0.73710304498672	49.550467273357	0.0000000000000
49.408000946045	 -0.036769058555365	 -0.73687654733658	49.550467273357	0.0000000000000
49.423999786377	 -0.044829692691565	 -0.73655354976654	49.550467273357	0.0000000000000
49.439998626709	 -0.052896209061146	 -0.73613357543945	49.550467273357	0.0000000000000
49.456001281738	 -0.060967341065407	 -0.73561632633209	49.550467273357	0.0000000000000
49.472000122070	 -0.069040425121784	 -0.73500168323517	49.550467273357	0.0000000000000
49.487998962402	 -0.077114902436733	 -0.73428928852081	49.550467273357	0.0000000000000
49.504001617432	 -0.085190184414387	 -0.73347872495651	49.550467273357	0.0000000000000
49.520000457764	 -0.093262888491154	 -0.73257017135620	49.550467273357	0.0000000000000
49.535999298096	 -0.10133379697800	 -0.73156309127808	49.550467273357	0.0000000000000
49.551998138428	 -0.10939817875624	 -0.73045790195465	49.550467273357	0.0000000000000
49.568000793457	 -0.11745747923851	 -0.72925400733948	49.550467273357	0.0000000000000
49.583999633789	 -0.12550973892212	 -0.72795152664185	49.550467273357	0.0000000000000
49.599998474121	 -0.13355225324631	 -0.72655063867569	49.550467273357	0.0000000000000
49.616001129150	 -0.14158441126347	 -0.72505122423172	49.550467273357	0.0000000000000
49.631999969482	 -0.14960493147373	 -0.72345328330994	49.550467273357	0.0000000000000
49.647998809814	 -0.15761044621468	 -0.72175729274750	49.550467273357	0.0000000000000
49.664001464844	 -0.16560243070126	 -0.71996295452118	49.550467273357	0.0000000000000
49.680000305176	 -0.17357753217220	 -0.71807074546814	49.550467273357	0.0000000000000
49.695999145508	 -0.18153515458107	 -0.71608054637909	49.550467273357	0.0000000000000
49.712001800537	 -0.18947264552116	 -0.71399313211441	49.550467273357	0.0000000000000
49.728000640869	 -0.19738946855068	 -0.71180838346481	49.550467273357	0.0000000000000
49.743999481201	 -0.20528432726860	 -0.70952677726746	49.550467273357	0.0000000000000
49.759998321533	 -0.21315531432629	 -0.70714861154556	49.550467273357	0.0000000000000
49.776000976562	 -0.22100184857845	 -0.70467412471771	49.550467273357	0.0000000000000
49.791999816895	 -0.22882139682770	 -0.70210409164429	49.550467273357	0.0000000000000
49.807998657227	 -0.23661340773106	 -0.69943863153458	49.550467273357	0.0000000000000
49.824001312256	 -0.24437664449215	 -0.69667822122574	49.550467273357	0.0000000000000
49.840000152588	 -0.25210928916931	 -0.69382357597351	49.550467273357	0.0000000000000
49.855998992920	 -0.25981020927429	 -0.69087511301041	49.550467273357	0.0000000000000
49.872001647949	 -0.26747879385948	 -0.68783307075500	49.550467273357	0.0000000000000
49.888000488281	 -0.27511265873909	 -0.68469840288162	49.550467273357	0.0000000000000
49.903999328613	 -0.28271132707596	 -0.68147158622742	49.550467273357	0.0000000000000
49.919998168945	 -0.29027301073074	 -0.67815339565277	49.550467273357	0.0000000000000
49.936000823975	 -0.29779732227325	 -0.67474412918091	49.550467273357	0.0000000000000
49.951999664307	 -0.30528372526169	 -0.67124408483505	49.550467273357	0.0000000000000
49.967998504639	 -0.31272926926613	 -0.66765469312668	49.550467273357	0.0000000000000
49.984001159668	 -0.32013356685638	 -0.66397637128830	49.550467273357	0.0000000000000
50.000000000000	 -0.32749620079994	 -0.66020959615707	49.550467273357	0.0000000000000
