34.000000000000	-0.031093183904886	-0.010756487026811
34.015998840332	-0.031314324587584	-0.010252161882818
34.032001495361	-0.031526103615761	-0.0097454069182277
34.048000335693	-0.031728621572256	-0.0092364912852645
34.063999176025	-0.031922001391649	-0.0087256645783782
34.080001831055	-0.032106373459101	-0.0082131763920188
34.096000671387	-0.032281875610352	-0.0076992432586849
34.111999511719	-0.032448656857014	-0.0071841017343104
34.127998352051	-0.032606873661280	-0.0066679255105555
34.144001007080	-0.032756701111794	-0.0061509096994996
34.159999847412	-0.032898295670748	-0.0056332456879318
34.175998687744	-0.033031839877367	-0.0051150713115931
34.192001342773	-0.033157523721457	-0.0045965267345309
34.208000183105	-0.033275526016951	-0.0040777437388897
34.223999023438	-0.033386025577784	-0.0035588354803622
34.240001678467	-0.033489223569632	-0.0030398960225284
34.256000518799	-0.033585309982300	-0.0025209954474121
34.271999359131	-0.033674467355013	-0.0020022140815854
34.287998199463	-0.033756885677576	-0.0014835848705843
34.304000854492	-0.033832754939795	-0.00096515426412225
34.319999694824	-0.033902253955603	-0.00044693390373141
34.335998535156	-0.033965561538935	7.1073467552196e-05
34.352001190186	-0.034022852778435	0.00058886647457257
34.368000030518	-0.034074299037457	0.0011064852587879
34.383998870850	-0.034120053052902	0.0016239460092038
34.400001525879	-0.034160278737545	0.0021413308568299
34.416000366211	-0.034195110201836	0.0026586800813675
34.431999206543	-0.034224692732096	0.0031760747078806
34.448001861572	-0.034249149262905	0.0036935945972800
34.464000701904	-0.034268599003553	0.0042113433592021
34.479999542236	-0.034283142536879	0.0047294292598963
34.495998382568	-0.034292876720428	0.0052479677833617
34.512001037598	-0.034297887235880	0.0057670879177749
34.527999877930	-0.034298233687878	0.0062869223766029
34.543998718262	-0.034293971955776	0.0068076071329415
34.560001373291	-0.034285150468349	0.0073292846791446
34.576000213623	-0.034271791577339	0.0078521315008402
34.591999053955	-0.034253910183907	0.0083762686699629
34.608001708984	-0.034231498837471	0.0089018950238824
34.624000549316	-0.034204553812742	0.0094291437417269
34.639999389648	-0.034173026680946	0.0099582038819790
34.655998229980	-0.034136887639761	0.010489212349057
34.672000885010	-0.034096062183380	0.011022374965250
34.687999725342	-0.034050472080708	0.011557833291590
34.703998565674	-0.034000027924776	0.012095760554075
34.720001220703	-0.033944625407457	0.012636307626963
34.736000061035	-0.033884126693010	0.013179650530219
34.751998901367	-0.033818401396275	0.013725938275456
34.768001556396	-0.033747293055058	0.014275318011642
34.784000396729	-0.033670630306005	0.014827935956419
34.799999237061	-0.033588230609894	0.015383938327432
34.816001892090	-0.033499896526337	0.015943430364132
34.832000732422	-0.033405411988497	0.016506558284163
34.847999572754	-0.033304557204247	0.017073415219784
34.863998413086	-0.033197086304426	0.017644116654992
34.880001068115	-0.033082753419876	0.018218742683530
34.895999908447	-0.032961282879114	0.018797382712364
34.911998748779	-0.032832413911819	0.019380100071430
34.928001403809	-0.032695859670639	0.019966935738921
34.944000244141	-0.032551307231188	0.020557949319482
34.959999084473	-0.032398462295532	0.021153157576919
34.976001739502	-0.032237004488707	0.021752573549747
34.992000579834	-0.032066624611616	0.022356186062098
35.007999420166	-0.031886968761683	0.022963989526033
35.023998260498	-0.031697716563940	0.023575929924846
35.040000915527	-0.031498514115810	0.024191966280341
35.055999755859	-0.031289003789425	0.024812031537294
35.071998596191	-0.031068848446012	0.025436028838158
35.088001251221	-0.030837677419186	0.026063855737448
35.104000091553	-0.030595127493143	0.026695394888520
35.119998931885	-0.030340855941176	0.027330482378602
35.136001586914	-0.030074473470449	0.027968985959888
35.152000427246	-0.029795616865158	0.028610715642571
35.167999267578	-0.029503943398595	0.029255455359817
35.183998107910	-0.029199067503214	0.029903016984463
35.200000762939	-0.028880640864372	0.030553141608834
35.215999603271	-0.028548300266266	0.031205585226417
35.231998443604	-0.028201699256897	0.031860064715147
35.248001098633	-0.027840474620461	0.032516300678253
35.263999938965	-0.027464311569929	0.033173955976963
35.279998779297	-0.027072820812464	0.033832740038633
35.296001434326	-0.026665732264519	0.034492257982492
35.312000274658	-0.026242708787322	0.035152155905962
35.327999114990	-0.025803415104747	0.035812061280012
35.344001770020	-0.025347575545311	0.036471568048000
35.360000610352	-0.024874905124307	0.037130229175091
35.375999450684	-0.024385074153543	0.037787657231092
35.391998291016	-0.023877875879407	0.038443353027105
35.408000946045	-0.023353021591902	0.039096858352423
35.423999786377	-0.022810308262706	0.039747674018145
35.439998626709	-0.022249469533563	0.040395323187113
35.456001281738	-0.021670276299119	0.041039295494556
35.472000122070	-0.021072613075376	0.041679013520479
35.487998962402	-0.020456230267882	0.042313974350691
35.504001617432	-0.019821014255285	0.042943593114614
35.520000457764	-0.019166806712747	0.043567311018705
35.535999298096	-0.018493456766009	0.044184554368258
35.551998138428	-0.017800902947783	0.044794712215662
35.568000793457	-0.017089026048779	0.045397188514471
35.583999633789	-0.016357757151127	0.045991376042366
35.599998474121	-0.015607086010277	0.046576634049416
35.616001129150	-0.014836956746876	0.047152347862720
35.631999969482	-0.014047385193408	0.047717858105898
35.647998809814	-0.013238341547549	0.048272546380758
35.664001464844	-0.012409935705364	0.048815734684467
35.680000305176	-0.011562184430659	0.049346774816513
35.695999145508	-0.010695188306272	0.049864999949932
35.712001800537	-0.0098090432584286	0.050369754433632
35.728000640869	-0.0089039066806436	0.050860349088907
35.743999481201	-0.0079798903316259	0.051336131989956
35.759998321533	-0.0070371842011809	0.051796421408653
35.776000976562	-0.0060759955085814	0.052240550518036
35.791999816895	-0.0050965617410839	0.052667833864689
35.807998657227	-0.0040991106070578	0.053077604621649
35.824001312256	-0.0030839175451547	0.053469195961952
35.840000152588	-0.0020512933842838	0.053841929882765
35.855998992920	-0.0010015363804996	0.054195154458284
35.872001647949	6.5026331867557e-05	0.054528206586838
35.888000488281	0.0011479650856927	0.054840423166752
35.903999328613	0.0022469628602266	0.055131167173386
35.919998168945	0.0033615347929299	0.055399786680937
35.936000823975	0.0044912905432284	0.055645655840635
35.951999664307	0.0056357574649155	0.055868148803711
35.967998504639	0.0067944708280265	0.056066639721394
35.984001159668	0.0079668760299683	0.056240532547235
36.000000000000	0.0091524925082922	0.056389227509499
36.015998840332	0.010350728407502	0.056512147188187
36.032001495361	0.011561045423150	0.056608706712723
36.048000335693	0.012782807461917	0.056678358465433
36.063999176025	0.014015436172485	0.056720558553934
36.080001831055	0.015258247964084	0.056734777987003
36.096000671387	0.016510622575879	0.056720495223999
36.111999511719	0.017771871760488	0.056677218526602
36.127998352051	0.019041258841753	0.056604471057653
36.144001007080	0.020318111404777	0.056501783430576
36.159999847412	0.021601669490337	0.056368708610535
36.175998687744	0.022891182452440	0.056204821914434
36.192001342773	0.024185867980123	0.056009717285633
36.208000183105	0.025484928861260	0.055783014744520
36.223999023438	0.026787558570504	0.055524341762066
36.240001678467	0.028092924505472	0.055233355611563
36.256000518799	0.029400195926428	0.054909732192755
36.271999359131	0.030708502978086	0.054553177207708
36.287998199463	0.032016973942518	0.054163422435522
36.304000854492	0.033324722200632	0.053740203380585
36.319999694824	0.034630849957466	0.053283292800188
36.335998535156	0.035934444516897	0.052792496979237
36.352001190186	0.037234574556351	0.052267637103796
36.368000030518	0.038530297577381	0.051708552986383
36.383998870850	0.039820671081543	0.051115140318871
36.400001525879	0.041104745119810	0.050487279891968
36.416000366211	0.042381539940834	0.049824919551611
36.431999206543	0.043650086969137	0.049128007143736
36.448001861572	0.044909402728081	0.048396531492472
36.464000701904	0.046158492565155	0.047630511224270
36.479999542236	0.047396361827850	0.046829983592033
36.495998382568	0.048622004687786	0.045995023101568
36.512001037598	0.049834426492453	0.045125745236874
36.527999877930	0.051032606512308	0.044222261756659
36.543998718262	0.052215546369553	0.043284755200148
36.560001373291	0.053382210433483	0.042313404381275
36.576000213623	0.054531611502171	0.041308447718620
36.591999053955	0.055662710219622	0.040270131081343
36.608001708984	0.056774511933327	0.039198748767376
36.624000549316	0.057865992188454	0.038094613701105
36.639999389648	0.058936145156622	0.036958076059818
36.655998229980	0.059983972460032	0.035789519548416
36.672000885010	0.061008468270302	0.034589357674122
36.687999725342	0.062008645385504	0.033358033746481
36.703998565674	0.062983505427837	0.032096024602652
36.720001220703	0.063932076096535	0.030803840607405
36.736000061035	0.064853377640247	0.029482020065188
36.751998901367	0.065746463835239	0.028131136670709
36.768001556396	0.066610373556614	0.026751792058349
36.784000396729	0.067444175481796	0.025344626978040
36.799999237061	0.068246938288212	0.023910302668810
36.816001892090	0.069017760455608	0.022449517622590
36.832000732422	0.069755725562572	0.020963001996279
36.847999572754	0.070459984242916	0.019451517611742
36.863998413086	0.071129649877548	0.017915848642588
36.880001068115	0.071763880550861	0.016356822103262
36.895999908447	0.072361856698990	0.014775284565985
36.911998748779	0.072922773659229	0.013172116130590
36.928001403809	0.073445841670036	0.011548222973943
36.944000244141	0.073930293321609	0.0099045448005199
36.959999084473	0.074375413358212	0.0082420445978642
36.976001739502	0.074780471622944	0.0065617170184851
36.992000579834	0.075144767761230	0.0048645799979568
37.007999420166	0.075467668473721	0.0031516787130386
37.023998260498	0.075748525559902	0.0014240849995986
37.040000915527	0.075986720621586	-0.00031710570328869
37.055999755859	0.076181694865227	-0.0020707726944238
37.071998596191	0.076332896947861	-0.0038357721641660
37.088001251221	0.076439805328846	-0.0056109381839633
37.104000091553	0.076501943171024	-0.0073950816877186
37.119998931885	0.076518855988979	-0.0091869924217463
37.136001586914	0.076490134000778	-0.010985444299877
37.152000427246	0.076415404677391	-0.012789187021554
37.167999267578	0.076294302940369	-0.014596954919398
37.183998107910	0.076126530766487	-0.016407463699579
37.200000762939	0.075911819934845	-0.018219413235784
37.215999603271	0.075649932026863	-0.020031493157148
37.231998443604	0.075340680778027	-0.021842373535037
37.248001098633	0.074983902275562	-0.023650709539652
37.263999938965	0.074579477310181	-0.025455156341195
37.279998779297	0.074127353727818	-0.027254344895482
37.296001434326	0.073627479374409	-0.029046913608909
37.312000274658	0.073079869151115	-0.030831476673484
37.327999114990	0.072484590113163	-0.032606650143862
37.344001770020	0.071841709315777	-0.034371044486761
37.360000610352	0.071151375770569	-0.036123268306255
37.375999450684	0.070413790643215	-0.037861924618483
37.391998291016	0.069629147648811	-0.039585623890162
37.408000946045	0.068797744810581	-0.041292965412140
37.423999786377	0.067919872701168	-0.042982548475266
37.439998626709	0.066995911300182	-0.044652994722128
37.456001281738	0.066026248037815	-0.046302922070026
37.472000122070	0.065011352300644	-0.047930948436260
37.487998962402	0.063951693475246	-0.049535706639290
37.504001617432	0.062847830355167	-0.051115844398737
37.520000457764	0.061700332909822	-0.052669998258352
37.535999298096	0.060509830713272	-0.054196845740080
37.551998138428	0.059277001768351	-0.055695068091154
37.568000793457	0.058002553880215	-0.057163354009390
37.583999633789	0.056687265634537	-0.058600433170795
37.599998474121	0.055331919342279	-0.060005016624928
37.616001129150	0.053937375545502	-0.061375875025988
37.631999969482	0.052504513412714	-0.062711782753468
37.647998809814	0.051034271717072	-0.064011543989182
37.664001464844	0.049527622759342	-0.065273970365524
37.680000305176	0.047985576093197	-0.066497936844826
37.695999145508	0.046409174799919	-0.067682303488255
37.712001800537	0.044799536466599	-0.068825997412205
37.728000640869	0.043157763779163	-0.069927968084812
37.743999481201	0.041485030204058	-0.070987179875374
37.759998321533	0.039782561361790	-0.072002641856670
37.776000976562	0.038051564246416	-0.072973422706127
37.791999816895	0.036293331533670	-0.073898583650589
37.807998657227	0.034509155899286	-0.074777260422707
37.824001312256	0.032700393348932	-0.075608603656292
37.840000152588	0.030868388712406	-0.076391838490963
37.855998992920	0.029014563187957	-0.077126197516918
37.872001647949	0.027140319347382	-0.077810972929001
37.888000488281	0.025247121229768	-0.078445501625538
37.903999328613	0.023336429148912	-0.079029172658920
37.919998168945	0.021409763023257	-0.079561389982700
37.936000823975	0.019468627870083	-0.080041654407978
37.951999664307	0.017514567822218	-0.080469481647015
37.967998504639	0.015549147501588	-0.080844424664974
37.984001159668	0.013573946431279	-0.081166133284569
38.000000000000	0.011590539477766	-0.081434287130833
38.015998840332	0.0096005480736494	-0.081648588180542
38.032001495361	0.0076055712997913	-0.081808820366859
38.048000335693	0.0056072534061968	-0.081914834678173
38.063999176025	0.0036072093062103	-0.081966497004032
38.080001831055	0.0016070854617283	-0.081963755190372
38.096000671387	-0.00039146596100181	-0.081906594336033
38.111999511719	-0.0023868214339018	-0.081795074045658
38.127998352051	-0.0043773185461760	-0.081629283726215
38.144001007080	-0.0063613178208470	-0.081409394741058
38.159999847412	-0.0083371829241514	-0.081135600805283
38.175998687744	-0.010303283110261	-0.080808185040951
38.192001342773	-0.012257971800864	-0.080427452921867
38.208000183105	-0.014199672266841	-0.079993791878223
38.223999023438	-0.016126740723848	-0.079507619142532
38.240001678467	-0.018037620931864	-0.078969441354275
38.256000518799	-0.019930707290769	-0.078379765152931
38.271999359131	-0.021804459393024	-0.077739194035530
38.287998199463	-0.023657349869609	-0.077048376202583
38.304000854492	-0.025487830862403	-0.076307997107506
38.319999694824	-0.027294449508190	-0.075518801808357
38.335998535156	-0.029075710102916	-0.074681587517262
38.352001190186	-0.030830167233944	-0.073797203600407
38.368000030518	-0.032556463032961	-0.072866521775723
38.383998870850	-0.034253172576427	-0.071890488266945
38.400001525879	-0.035918924957514	-0.070870123803616
38.416000366211	-0.037552446126938	-0.069806411862373
38.431999206543	-0.039152476936579	-0.068700440227985
38.448001861572	-0.040717735886574	-0.067553348839283
38.464000701904	-0.042247042059898	-0.066366270184517
38.479999542236	-0.043739210814238	-0.065140418708324
38.495998382568	-0.045193176716566	-0.063877008855343
38.512001037598	-0.046607818454504	-0.062577322125435
38.527999877930	-0.047982096672058	-0.061242699623108
38.543998718262	-0.049315080046654	-0.059874437749386
38.560001373291	-0.050605796277523	-0.058473922312260
38.576000213623	-0.051853381097317	-0.057042568922043
38.591999053955	-0.053056985139847	-0.055581774562597
38.608001708984	-0.054215807467699	-0.054093044251204
38.624000549316	-0.055329147726297	-0.052577815949917
38.639999389648	-0.056396279484034	-0.051037624478340
38.655998229980	-0.057416558265686	-0.049474030733109
38.672000885010	-0.058389488607645	-0.047888472676277
38.687999725342	-0.059314489364624	-0.046282574534416
38.703998565674	-0.060191139578819	-0.044657882302999
38.720001220703	-0.061018962413073	-0.043016027659178
38.736000061035	-0.061797637492418	-0.041358593851328
38.751998901367	-0.062526874244213	-0.039687152951956
38.768001556396	-0.063206411898136	-0.038003370165825
38.784000396729	-0.063836127519608	-0.036308731883764
38.799999237061	-0.064415797591209	-0.034605044871569
38.816001892090	-0.064945414662361	-0.032893761992455
38.832000732422	-0.065424956381321	-0.031176546588540
38.847999572754	-0.065854437649250	-0.029455045238137
38.863998413086	-0.066233977675438	-0.027730831876397
38.880001068115	-0.066563732922077	-0.026005452498794
38.895999908447	-0.066843889653683	-0.024280581623316
38.911998748779	-0.067074745893478	-0.022557683289051
38.928001403809	-0.067256569862366	-0.020838413387537
38.944000244141	-0.067389778792858	-0.019124198704958
38.959999084473	-0.067474775016308	-0.017416657879949
38.976001739502	-0.067512035369873	-0.015717189759016
38.992000579834	-0.067502088844776	-0.014027321711183
39.007999420166	-0.067445494234562	-0.012348527088761
39.023998260498	-0.067342899739742	-0.010682179592550
39.040000915527	-0.067194968461990	-0.0090296668931842
39.055999755859	-0.067002415657043	-0.0073923463933170
39.071998596191	-0.066766001284122	-0.0057716211304069
39.088001251221	-0.066486530005932	-0.0041686510667205
39.104000091553	-0.066164858639240	-0.0025848788209260
39.119998931885	-0.065801858901978	-0.0010213587665930
39.136001586914	-0.065398484468460	0.00052062515169382
39.152000427246	-0.064955681562424	0.0020399880595505
39.167999267578	-0.064474463462830	0.0035355621948838
39.183998107910	-0.063955858349800	0.0050063175149262
39.200000762939	-0.063400924205780	0.0064512374810874
39.215999603271	-0.062810786068439	0.0078693069517612
39.231998443604	-0.062186546623707	0.0092596765607595
39.248001098633	-0.061529368162155	0.010621367022395
39.263999938965	-0.060840431600809	0.011953582055867
39.279998779297	-0.060120940208435	0.013255502097309
39.296001434326	-0.059372108429670	0.014526456594467
39.312000274658	-0.058595191687346	0.015765672549605
39.327999114990	-0.057791437953711	0.016972554847598
39.344001770020	-0.056962125003338	0.018146483227611
39.360000610352	-0.056108538061380	0.019286932423711
39.375999450684	-0.055231969803572	0.020393429324031
39.391998291016	-0.054333742707968	0.021465465426445
39.408000946045	-0.053415168076754	0.022502683103085
39.423999786377	-0.052477568387985	0.023504745215178
39.439998626709	-0.051522254943848	0.024471342563629
39.456001281738	-0.050550535321236	0.025402294471860
39.472000122070	-0.049563765525818	0.026297340169549
39.487998962402	-0.048563249409199	0.027156377211213
39.504001617432	-0.047550290822983	0.027979318052530
39.520000457764	-0.046526227146387	0.028766075149179
39.535999298096	-0.045492324978113	0.029516711831093
39.551998138428	-0.044449873268604	0.030231276527047
39.568000793457	-0.043400175869465	0.030909836292267
39.583999633789	-0.042344469577074	0.031552568078041
39.599998474121	-0.041283991187811	0.032159674912691
39.616001129150	-0.040219981223345	0.032731387764215
39.631999969482	-0.039153646677732	0.033267978578806
39.647998809814	-0.038086164742708	0.033769782632589
39.664001464844	-0.037018682807684	0.034237194806337
39.680000305176	-0.035952370613813	0.034670580178499
39.695999145508	-0.034888353198767	0.035070374608040
39.712001800537	-0.033827677369118	0.035437103360891
39.728000640869	-0.032771401107311	0.035771287977695
39.743999481201	-0.031720582395792	0.036073453724384
39.759998321533	-0.030676174908876	0.036344226449728
39.776000976562	-0.029639204964042	0.036584176123142
39.791999816895	-0.028610529378057	0.036794021725655
39.807998657227	-0.027591107413173	0.036974385380745
39.824001312256	-0.026581766083837	0.037126012146473
39.840000152588	-0.025583349168301	0.037249613553286
39.855998992920	-0.024596627801657	0.037345968186855
39.872001647949	-0.023622356355190	0.037415847182274
39.888000488281	-0.022661276161671	0.037460040301085
39.903999328613	-0.021714024245739	0.037479393184185
39.919998168945	-0.020781265571713	0.037474721670151
39.936000823975	-0.019863557070494	0.037446901202202
39.951999664307	-0.018961515277624	0.037396769970655
39.967998504639	-0.018075611442327	0.037325225770473
39.984001159668	-0.017206354066730	0.037233147770166
40.000000000000	-0.016354147344828	0.037121448665857
40.015998840332	-0.015519394539297	0.036991018801928
40.032001495361	-0.014702462591231	0.036842774599791
40.048000335693	-0.013903670012951	0.036677617579699
40.063999176025	-0.013123272918165	0.036496482789516
40.080001831055	-0.012361510656774	0.036300268024206
40.096000671387	-0.011618594639003	0.036089885979891
40.111999511719	-0.010894679464400	0.035866253077984
40.127998352051	-0.010189877822995	0.035630267113447
40.144001007080	-0.0095042744651437	0.035382829606533
40.159999847412	-0.0088379159569740	0.035124827176332
40.175998687744	-0.0081908004358411	0.034857138991356
40.192001342773	-0.0075629092752934	0.034580633044243
40.208000183105	-0.0069541637785733	0.034296173602343
40.223999023438	-0.0063644852489233	0.034004595130682
40.240001678467	-0.0057937353849411	0.033706724643707
40.256000518799	-0.0052417679689825	0.033403374254704
40.271999359131	-0.0047083469107747	0.033095341175795
40.287998199463	-0.0041932915337384	0.032783389091492
40.304000854492	-0.0036963392049074	0.032468281686306
40.319999694824	-0.0032171758357435	0.032150752842426
40.335998535156	-0.0027555318083614	0.031831506639719
40.352001190186	-0.0023110448382795	0.031511235982180
40.368000030518	-0.0018833852373064	0.031190603971481
40.383998870850	-0.0014721654588357	0.030870247632265
40.400001525879	-0.0010769439395517	0.030550787225366
40.416000366211	-0.00069734471617267	0.030232805758715
40.431999206543	-0.00033291248837486	0.029916865751147
40.448001861572	1.6826686987770e-05	0.029603503644466
40.464000701904	0.00035232066875324	0.029293224215508
40.479999542236	0.00067410257179290	0.028986504301429
40.495998382568	0.00098264787811786	0.028683796525002
40.512001037598	0.0012784714344889	0.028385519981384
40.527999877930	0.0015621109632775	0.028092063963413
40.543998718262	0.0018341242102906	0.027803795412183
40.560001373291	0.0020950082689524	0.027521044015884
40.576000213623	0.0023453575558960	0.027244113385677
40.591999053955	0.0025857030414045	0.026973281055689
40.608001708984	0.0028166293632239	0.026708783581853
40.624000549316	0.0030386822763830	0.026450842618942
40.639999389648	0.0032524326816201	0.026199644431472
40.655998229980	0.0034584247041494	0.025955351069570
40.672000885010	0.0036572490353137	0.025718081742525
40.687999725342	0.0038494681939483	0.025487940758467
40.703998565674	0.0040356037206948	0.025265010073781
40.720001220703	0.0042162351310253	0.025049326941371
40.736000061035	0.0043919095769525	0.024840913712978
40.751998901367	0.0045631369575858	0.024639770388603
40.768001556396	0.0047304546460509	0.024445861577988
40.784000396729	0.0048944093286991	0.024259125813842
40.799999237061	0.0050554699264467	0.024079492315650
40.816001892090	0.0052141589112580	0.023906851187348
40.832000732422	0.0053709391504526	0.023741085082293
40.847999572754	0.0055263102985919	0.023582033813000
40.863998413086	0.0056806933134794	0.023429544642568
40.880001068115	0.0058345361612737	0.023283425718546
40.895999908447	0.0059882742352784	0.023143464699388
40.911998748779	0.0061423280276358	0.023009438067675
40.928001403809	0.0062970621511340	0.022881109267473
40.944000244141	0.0064528482034802	0.022758223116398
40.959999084473	0.0066100587137043	0.022640500217676
40.976001739502	0.0067690117284656	0.022527663037181
40.992000579834	0.0069300229661167	0.022419409826398
41.007999420166	0.0070934081450105	0.022315425798297
41.023998260498	0.0072594326920807	0.022215390577912
41.040000915527	0.0074283611029387	0.022118974477053
41.055999755859	0.0076003940775990	0.022025845944881
41.071998596191	0.0077757891267538	0.021935643628240
41.088001251221	0.0079547092318535	0.021848028525710
41.104000091553	0.0081373397260904	0.021762635558844
41.119998931885	0.0083238268271089	0.021679099649191
41.136001586914	0.0085143093019724	0.021597057580948
41.152000427246	0.0087088849395514	0.021516142413020
41.167999267578	0.0089076533913612	0.021435983479023
41.183998107910	0.0091106863692403	0.021356204524636
41.200000762939	0.0093180164694786	0.021276447921991
41.215999603271	0.0095296781510115	0.021196341142058
41.231998443604	0.0097456770017743	0.021115522831678
41.248001098633	0.0099660223349929	0.021033624187112
41.263999938965	0.010190652683377	0.020950302481651
41.279998779297	0.010419547557831	0.020865194499493
41.296001434326	0.010652621276677	0.020777963101864
41.312000274658	0.010889800265431	0.020688269287348
41.327999114990	0.011130977421999	0.020595785230398
41.344001770020	0.011376031674445	0.020500190556049
41.360000610352	0.011624836362898	0.020401174202561
41.375999450684	0.011877243407071	0.020298432558775
41.391998291016	0.012133086100221	0.020191676914692
41.408000946045	0.012392185628414	0.020080629736185
41.423999786377	0.012654359452426	0.019965017214417
41.439998626709	0.012919403612614	0.019844586029649
41.456001281738	0.013187097385526	0.019719097763300
41.472000122070	0.013457209803164	0.019588327035308
41.487998962402	0.013729516416788	0.019452050328255
41.504001617432	0.014003776945174	0.019310062751174
41.520000457764	0.014279737137258	0.019162178039551
41.535999298096	0.014557116664946	0.019008237868547
41.551998138428	0.014835661277175	0.018848070874810
41.568000793457	0.015115103684366	0.018681531772017
41.583999633789	0.015395151451230	0.018508497625589
41.599998474121	0.015675522387028	0.018328860402107
41.616001129150	0.015955941751599	0.018142510205507
41.631999969482	0.016236107796431	0.017949366942048
41.647998809814	0.016515716910362	0.017749380320311
41.664001464844	0.016794485971332	0.017542487010360
41.680000305176	0.017072135582566	0.017328632995486
41.695999145508	0.017348349094391	0.017107814550400
41.712001800537	0.017622830346227	0.016880033537745
41.728000640869	0.017895307391882	0.016645269468427
41.743999481201	0.018165465444326	0.016403574496508
41.759998321533	0.018433051183820	0.016154944896698
41.776000976562	0.018697740510106	0.015899477526546
41.791999816895	0.018959291279316	0.015637192875147
41.807998657227	0.019217399880290	0.015368198975921
41.824001312256	0.019471814855933	0.015092561952770
41.840000152588	0.019722273573279	0.014810389839113
41.855998992920	0.019968517124653	0.014521789737046
41.872001647949	0.020210294052958	0.014226895757020
41.888000488281	0.020447362214327	0.013925839215517
41.903999328613	0.020679496228695	0.013618756085634
41.919998168945	0.020906470716000	0.013305802829564
41.936000823975	0.021128062158823	0.012987155467272
41.951999664307	0.021344065666199	0.012662978842854
41.967998504639	0.021554300561547	0.012333441525698
41.984001159668	0.021758563816547	0.011998742818832
42.000000000000	0.021956687793136	0.011659068986773
42.015998840332	0.022148489952087	0.011314649134874
42.032001495361	0.022333838045597	0.010965648107231
42.048000335693	0.022512571886182	0.010612303391099
42.063999176025	0.022684564813972	0.010254821740091
42.080001831055	0.022849690169096	0.0098934294655919
42.096000671387	0.023007839918137	0.0095283463597298
42.111999511719	0.023158904165030	0.0091598071157932
42.127998352051	0.023302804678679	0.0087880278006196
42.144001007080	0.023439452052116	0.0084132514894009
42.159999847412	0.023568784818053	0.0080356998369098
42.175998687744	0.023690745234489	0.0076556089334190
42.192001342773	0.023805290460587	0.0072731929831207
42.208000183105	0.023912373930216	0.0068887141533196
42.223999023438	0.024011980742216	0.0065023764036596
42.240001678467	0.024104094132781	0.0061144195497036
42.256000518799	0.024188704788685	0.0057250596582890
42.271999359131	0.024265822023153	0.0053345351479948
42.287998199463	0.024335457012057	0.0049430476501584
42.304000854492	0.024397635832429	0.0045508109033108
42.319999694824	0.024452388286591	0.0041580563411117
42.335998535156	0.024499757215381	0.0037649692967534
42.352001190186	0.024539789184928	0.0033717667683959
42.368000030518	0.024572543799877	0.0029786501545459
42.383998870850	0.024598084390163	0.0025857824366540
42.400001525879	0.024616481736302	0.0021933820098639
42.416000366211	0.024627812206745	0.0018016154645011
42.431999206543	0.024632161483169	0.0014106342568994
42.448001861572	0.024629618972540	0.0010206437436864
42.464000701904	0.024620279669762	0.00063176243565977
42.479999542236	0.024604244157672	0.00024418634711765
42.495998382568	0.024581614881754	-0.00014197580458131
42.512001037598	0.024552501738071	-0.00052657333435491
42.527999877930	0.024517014622688	-0.00090947223361582
42.543998718262	0.024475267156959	-0.0012905675685033
42.560001373291	0.024427384138107	-0.0016697008395568
42.576000213623	0.024373477324843	-0.0020468239672482
42.591999053955	0.024313669651747	-0.0024217779282480
42.608001708984	0.024248084053397	-0.0027945244219154
42.624000549316	0.024176841601729	-0.0031649381853640
42.639999389648	0.024100067093968	-0.0035329805687070
42.655998229980	0.024017887189984	-0.0038985356222838
42.672000885010	0.023930421099067	-0.0042615630663931
42.687999725342	0.023837789893150	-0.0046220151707530
42.703998565674	0.023740118369460	-0.0049798260442913
42.720001220703	0.023637520149350	-0.0053349682129920
42.736000061035	0.023530116304755	-0.0056873960420489
42.751998901367	0.023418018594384	-0.0060370797291398
42.768001556396	0.023301338776946	-0.0063840155489743
42.784000396729	0.023180188611150	-0.0067281583324075
42.799999237061	0.023054668679833	-0.0070695118047297
42.816001892090	0.022924887016416	-0.0074080601334572
42.832000732422	0.022790936753154	-0.0077438130974770
42.847999572754	0.022652912884951	-0.0080767609179020
42.863998413086	0.022510904818773	-0.0084069175645709
42.880001068115	0.022364998236299	-0.0087342895567417
42.895999908447	0.022215267643332	-0.0090589066967368
42.911998748779	0.022061798721552	-0.0093807559460402
42.928001403809	0.021904651075602	-0.0096998913213611
42.944000244141	0.021743902936578	-0.010016305372119
42.959999084473	0.021579599007964	-0.010330051183701
42.976001739502	0.021411800757051	-0.010641143657267
42.992000579834	0.021240565925837	-0.010949598625302
43.007999420166	0.021065918728709	-0.011255476623774
43.023998260498	0.020887915045023	-0.011558776721358
43.040000915527	0.020706582814455	-0.011859539896250
43.055999755859	0.020521944388747	-0.012157809920609
43.071998596191	0.020334027707577	-0.012453598901629
43.088001251221	0.020142849534750	-0.012746946886182
43.104000091553	0.019948419183493	-0.013037883676589
43.119998931885	0.019750747829676	-0.013326424174011
43.136001586914	0.019549835473299	-0.013612604700029
43.152000427246	0.019345683977008	-0.013896438293159
43.167999267578	0.019138274714351	-0.014177964068949
43.183998107910	0.018927609547973	-0.014457181096077
43.200000762939	0.018713669851422	-0.014734111726284
43.215999603271	0.018496431410313	-0.015008768066764
43.231998443604	0.018275871872902	-0.015281167812645
43.248001098633	0.018051967024803	-0.015551306307316
43.263999938965	0.017824692651629	-0.015819175168872
43.279998779297	0.017594013363123	-0.016084779053926
43.296001434326	0.017359884455800	-0.016348125413060
43.312000274658	0.017122281715274	-0.016609182581306
43.327999114990	0.016881147399545	-0.016867952421308
43.344001770020	0.016636462882161	-0.017124392092228
43.360000610352	0.016388172283769	-0.017378488555551
43.375999450684	0.016136240214109	-0.017630204558372
43.391998291016	0.015880605205894	-0.017879515886307
43.408000946045	0.015621242113411	-0.018126364797354
43.423999786377	0.015358090400696	-0.018370717763901
43.439998626709	0.015091116540134	-0.018612515181303
43.456001281738	0.014820274896920	-0.018851701170206
43.472000122070	0.014545501209795	-0.019088225439191
43.487998962402	0.014266781508923	-0.019322002306581
43.504001617432	0.013984065502882	-0.019552966579795
43.520000457764	0.013697315007448	-0.019781038165092
43.535999298096	0.013406484387815	-0.020006142556667
43.551998138428	0.013111531734467	-0.020228199660778
43.568000793457	0.012812452390790	-0.020447092130780
43.583999633789	0.012509210966527	-0.020662736147642
43.599998474121	0.012201768346131	-0.020875032991171
43.616001129150	0.011890099383891	-0.021083883941174
43.631999969482	0.011574209667742	-0.021289160475135
43.647998809814	0.011254061013460	-0.021490769460797
43.664001464844	0.010929644107819	-0.021688589826226
43.680000305176	0.010600996203721	-0.021882480010390
43.695999145508	0.010268033482134	-0.022072356194258
43.712001800537	0.0099308537319303	-0.022258048877120
43.728000640869	0.0095893880352378	-0.022439464926720
43.743999481201	0.0092437313869596	-0.022616436704993
43.759998321533	0.0088938474655151	-0.022788859903812
43.776000976562	0.0085397623479366	-0.022956587374210
43.791999816895	0.0081815114244819	-0.023119492456317
43.807998657227	0.0078191542997956	-0.023277420550585
43.824001312256	0.0074527338147163	-0.023430233821273
43.840000152588	0.0070822755806148	-0.023577798157930
43.855998992920	0.0067078536376357	-0.023719973862171
43.872001647949	0.0063295499421656	-0.023856608197093
43.888000488281	0.0059473682194948	-0.023987578228116
43.903999328613	0.0055614439770579	-0.024112729355693
43.919998168945	0.0051718275062740	-0.024231929332018
43.936000823975	0.0047786301001906	-0.024345034733415
43.951999664307	0.0043818992562592	-0.024451917037368
43.967998504639	0.0039817686192691	-0.024552432820201
43.984001159668	0.0035783532075584	-0.024646446108818
44.000000000000	0.0031717754900455	-0.024733828380704
44.015998840332	0.0027620769105852	-0.024814460426569
44.032001495361	0.0023494714405388	-0.024888204410672
44.048000335693	0.0019339993596077	-0.024954948574305
44.063999176025	0.0015158480964601	-0.025014566257596
44.080001831055	0.0010951622389257	-0.025066941976547
44.096000671387	0.00067205494269729	-0.025111969560385
44.111999511719	0.00024671564460732	-0.025149539113045
44.127998352051	-0.00018077010463458	-0.025179544463754
44.144001007080	-0.00061016867402941	-0.025201888754964
44.159999847412	-0.0010413746349514	-0.025216480717063
44.175998687744	-0.0014742069179192	-0.025223229080439
44.192001342773	-0.0019085167441517	-0.025222046300769
44.208000183105	-0.0023440800141543	-0.025212861597538
44.223999023438	-0.0027807299047709	-0.025195598602295
44.240001678467	-0.0032183078583330	-0.025170190259814
44.256000518799	-0.0036566297058016	-0.025136571377516
44.271999359131	-0.0040955073200166	-0.025094687938690
44.287998199463	-0.0045347516424954	-0.025044489651918
44.304000854492	-0.0049741948023438	-0.024985926225781
44.319999694824	-0.0054135951213539	-0.024918971583247
44.335998535156	-0.0058528054505587	-0.024843579158187
44.352001190186	-0.0062916059978306	-0.024759734049439
44.368000030518	-0.0067297979258001	-0.024667412042618
44.383998870850	-0.0071672294288874	-0.024566588923335
44.400001525879	-0.0076036318205297	-0.024457277730107
44.416000366211	-0.0080388747155666	-0.024339452385902
44.431999206543	-0.0084727341309190	-0.024213127791882
44.448001861572	-0.0089049879461527	-0.024078324437141
44.464000701904	-0.0093354806303978	-0.023935038596392
44.479999542236	-0.0097639895975590	-0.023783305659890
44.495998382568	-0.010190339758992	-0.023623144254088
44.512001037598	-0.010614330880344	-0.023454587906599
44.527999877930	-0.011035744100809	-0.023277688771486
44.543998718262	-0.011454449966550	-0.023092465475202
44.560001373291	-0.011870186775923	-0.022898996248841
44.576000213623	-0.012282803654671	-0.022697320207953
44.591999053955	-0.012692132964730	-0.022487489506602
44.608001708984	-0.013097962364554	-0.022269584238529
44.624000549316	-0.013500143773854	-0.022043650969863
44.639999389648	-0.013898453675210	-0.021809797734022
44.655998229980	-0.014292745850980	-0.021568080410361
44.672000885010	-0.014682840555906	-0.021318586543202
44.687999725342	-0.015068581327796	-0.021061398088932
44.703998565674	-0.015449788421392	-0.020796611905098
44.720001220703	-0.015826292335987	-0.020524330437183
44.736000061035	-0.016197957098484	-0.020244628190994
44.751998901367	-0.016564616933465	-0.019957618787885
44.768001556396	-0.016926109790802	-0.019663413986564
44.784000396729	-0.017282288521528	-0.019362116232514
44.799999237061	-0.017633013427258	-0.019053833559155
44.816001892090	-0.017978131771088	-0.018738690763712
44.832000732422	-0.018317520618439	-0.018416779115796
44.847999572754	-0.018651019781828	-0.018088251352310
44.863998413086	-0.018978528678417	-0.017753187566996
44.880001068115	-0.019299874082208	-0.017411762848496
44.895999908447	-0.019614981487393	-0.017064044252038
44.911998748779	-0.019923694431782	-0.016710190102458
44.928001403809	-0.020225901156664	-0.016350332647562
44.944000244141	-0.020521495491266	-0.015984576195478
44.959999084473	-0.020810356363654	-0.015613074414432
44.976001739502	-0.021092368289828	-0.015235959552228
44.992000579834	-0.021367440000176	-0.014853344298899
45.007999420166	-0.021635457873344	-0.014465386979282
45.023998260498	-0.021896326914430	-0.014072202146053
45.040000915527	-0.022149937227368	-0.013673951849341
45.055999755859	-0.022396219894290	-0.013270735740662
45.071998596191	-0.022635065019131	-0.012862712144852
45.088001251221	-0.022866379469633	-0.012450028210878
45.104000091553	-0.023090077564120	-0.012032827362418
45.119998931885	-0.023306101560593	-0.011611189693213
45.136001586914	-0.023514334112406	-0.011185327544808
45.152000427246	-0.023714702576399	-0.010755367577076
45.167999267578	-0.023907136172056	-0.010321435518563
45.183998107910	-0.024091573432088	-0.0098836366087198
45.200000762939	-0.024267908185720	-0.0094421906396747
45.215999603271	-0.024436092004180	-0.0089971795678139
45.231998443604	-0.024596044793725	-0.0085487812757492
45.248001098633	-0.024747693911195	-0.0080971270799637
45.263999938965	-0.024890979751945	-0.0076423739083111
45.279998779297	-0.025025844573975	-0.0071846297942102
45.296001434326	-0.025152215734124	-0.0067240521311760
45.312000274658	-0.025270022451878	-0.0062608248554170
45.327999114990	-0.025379220023751	-0.0057950369082391
45.344001770020	-0.025479728356004	-0.0053269225172698
45.360000610352	-0.025571508333087	-0.0048565478064120
45.375999450684	-0.025654491037130	-0.0043841013684869
45.391998291016	-0.025728622451425	-0.0039097503758967
45.408000946045	-0.025793850421906	-0.0034336377866566
45.423999786377	-0.025850122794509	-0.0029559081885964
45.439998626709	-0.025897385552526	-0.0024767080321908
45.456001281738	-0.025935590267181	-0.0019962100777775
45.472000122070	-0.025964686647058	-0.0015145888319239
45.487998962402	-0.025984628126025	-0.0010319709545001
45.504001617432	-0.025995364412665	-0.00054858415387571
45.520000457764	-0.025996860116720	-6.4534491684753e-05
45.535999298096	-0.025989064946771	0.00041999598033726
45.551998138428	-0.025971943512559	0.00090479821665213
45.568000793457	-0.025945454835892	0.0013897602912039
45.583999633789	-0.025909563526511	0.0018746688729152
45.599998474121	-0.025864234194160	0.0023593334481120
45.616001129150	-0.025809435173869	0.0028436102438718
45.631999969482	-0.025745144113898	0.0033272553700954
45.647998809814	-0.025671318173409	0.0038101938553154
45.664001464844	-0.025587951764464	0.0042921034619212
45.680000305176	-0.025495013222098	0.0047728810459375
45.695999145508	-0.025392489507794	0.0052522970363498
45.712001800537	-0.025280365720391	0.0057301451452076
45.728000640869	-0.025158626958728	0.0062062656506896
45.743999481201	-0.025027278810740	0.0066803991794586
45.759998321533	-0.024886308237910	0.0071523813530803
45.776000976562	-0.024735715240240	0.0076219965703785
45.791999816895	-0.024575503543019	0.0080890515819192
45.807998657227	-0.024405708536506	0.0085532562807202
45.824001312256	-0.024226311594248	0.0090144844725728
45.840000152588	-0.024037357419729	0.0094724679365754
45.855998992920	-0.023838868364692	0.0099269803613424
45.872001647949	-0.023630863055587	0.010377843864262
45.888000488281	-0.023413402959704	0.010824762284756
45.903999328613	-0.023186497390270	0.011267597787082
45.919998168945	-0.022950243204832	0.011706009507179
45.936000823975	-0.022704655304551	0.012139857746661
45.951999664307	-0.022449806332588	0.012568888254464
45.967998504639	-0.022185787558556	0.012992828153074
45.984001159668	-0.021912662312388	0.013411466963589
46.000000000000	-0.021630501374602	0.013824595138431
46.015998840332	-0.021339418366551	0.014231940731406
46.032001495361	-0.021039493381977	0.014633294194937
46.048000335693	-0.020730841904879	0.015028403140604
46.063999176025	-0.020413607358932	0.015417005866766
46.080001831055	-0.020087873563170	0.015798909589648
46.096000671387	-0.019753780215979	0.016173871234059
46.111999511719	-0.019411493092775	0.016541631892323
46.127998352051	-0.019061118364334	0.016902007162571
46.144001007080	-0.018702849745750	0.017254725098610
46.159999847412	-0.018336810171604	0.017599605023861
46.175998687744	-0.017963228747249	0.017936365678906
46.192001342773	-0.017582222819328	0.018264850601554
46.208000183105	-0.017194058746099	0.018584772944450
46.223999023438	-0.016798885539174	0.018895965069532
46.240001678467	-0.016396895051003	0.019198236986995
46.256000518799	-0.015988359227777	0.019491333514452
46.271999359131	-0.015573448501527	0.019775101915002
46.287998199463	-0.015152433887124	0.020049320533872
46.304000854492	-0.014725516550243	0.020313829183578
46.319999694824	-0.014292981475592	0.020568426698446
46.335998535156	-0.013855082914233	0.020812934264541
46.352001190186	-0.013412063941360	0.021047212183475
46.368000030518	-0.012964209541678	0.021271085366607
46.383998870850	-0.012511773034930	0.021484417840838
46.400001525879	-0.012055074796081	0.021687053143978
46.416000366211	-0.011594421230257	0.021878847852349
46.431999206543	-0.011130039580166	0.022059721872211
46.448001861572	-0.010662307962775	0.022229516878724
46.464000701904	-0.010191462002695	0.022388167679310
46.479999542236	-0.0097178928554058	0.022535545751452
46.495998382568	-0.0092418622225523	0.022671591490507
46.512001037598	-0.0087637268006802	0.022796222940087
46.527999877930	-0.0082837995141745	0.022909384220839
46.543998718262	-0.0078023970127106	0.023011028766632
46.560001373291	-0.0073198815807700	0.023101110011339
46.576000213623	-0.0068365726619959	0.023179605603218
46.591999053955	-0.0063528371974826	0.023246496915817
46.608001708984	-0.0058689950965345	0.023301787674427
46.624000549316	-0.0053853909485042	0.023345487192273
46.639999389648	-0.0049023469910026	0.023377623409033
46.655998229980	-0.0044202501885593	0.023398222401738
46.672000885010	-0.0039393738843501	0.023407343775034
46.687999725342	-0.0034601476509124	0.023405037820339
46.703998565674	-0.0029828625265509	0.023391386494040
46.720001220703	-0.0025078302714974	0.023366477340460
46.736000061035	-0.0020354241132736	0.023330405354500
46.751998901367	-0.0015659480122849	0.023283286020160
46.768001556396	-0.0010997659992427	0.023225240409374
46.784000396729	-0.00063717103330418	0.023156410083175
46.799999237061	-0.00017847222625278	0.023076944053173
46.816001892090	0.00027596220024861	0.022987006232142
46.832000732422	0.00072588108014315	0.022886764258146
46.847999572754	0.0011709749232978	0.022776409983635
46.863998413086	0.0016109426505864	0.022656140848994
46.880001068115	0.0020455133635551	0.022526161745191
46.895999908447	0.0024744258262217	0.022386694326997
46.911998748779	0.0028973633889109	0.022237967699766
46.928001403809	0.0033141281455755	0.022080224007368
46.944000244141	0.0037244241684675	0.021913712844253
46.959999084473	0.0041280318982899	0.021738691255450
46.976001739502	0.0045247431844473	0.021555427461863
46.992000579834	0.0049143405631185	0.021364198997617
47.007999420166	0.0052965981885791	0.021165290847421
47.023998260498	0.0056713237427175	0.020959002897143
47.040000915527	0.0060383770614862	0.020745616406202
47.055999755859	0.0063975732773542	0.020525448024273
47.071998596191	0.0067487200722098	0.020298816263676
47.088001251221	0.0070917578414083	0.020066017284989
47.104000091553	0.0074265003204346	0.019827384501696
47.119998931885	0.0077528594993055	0.019583242014050
47.136001586914	0.0080707371234894	0.019333913922310
47.152000427246	0.0083800684660673	0.019079720601439
47.167999267578	0.0086807310581207	0.018821019679308
47.183998107910	0.0089727267622948	0.018558120355010
47.200000762939	0.0092560127377510	0.018291352316737
47.215999603271	0.0095305144786835	0.018021080642939
47.231998443604	0.0097962720319629	0.017747603356838
47.248001098633	0.010053271427751	0.017471268773079
47.263999938965	0.010301527567208	0.017192402854562
47.279998779297	0.010541072115302	0.016911331564188
47.296001434326	0.010771950706840	0.016628380864859
47.312000274658	0.010994235984981	0.016343859955668
47.327999114990	0.011207979172468	0.016058094799519
47.344001770020	0.011413295753300	0.015771375969052
47.360000610352	0.011610294692218	0.015483996830881
47.375999450684	0.011799052357674	0.015196279622614
47.391998291016	0.011979742906988	0.014908473007381
47.408000946045	0.012152437120676	0.014620909467340
47.423999786377	0.012317355722189	0.014333796687424
47.439998626709	0.012474621646106	0.014047432690859
47.456001281738	0.012624414637685	0.013762057758868
47.472000122070	0.012766914442182	0.013477911241353
47.487998962402	0.012902320362628	0.013195220381021
47.504001617432	0.013030834496021	0.012914193794131
47.520000457764	0.013152658008039	0.012635051272810
47.535999298096	0.013268018141389	0.012357972562313
47.551998138428	0.013377135619521	0.012083142064512
47.568000793457	0.013480237685144	0.011810737662017
47.583999633789	0.013577572070062	0.011540893465281
47.599998474121	0.013669368810952	0.011273765005171
47.616001129150	0.013755895197392	0.011009460315108
47.631999969482	0.013837381266057	0.010748110711575
47.647998809814	0.013914093375206	0.010489803738892
47.664001464844	0.013986274600029	0.010234637185931
47.680000305176	0.014054205268621	0.0099826520308852
47.695999145508	0.014118125662208	0.0097339274361730
47.712001800537	0.014178308658302	0.0094884838908911
47.728000640869	0.014234999194741	0.0092463660985231
47.743999481201	0.014288458041847	0.0090075759217143
47.759998321533	0.014338940382004	0.0087721152231097
47.776000976562	0.014386693015695	0.0085399616509676
47.791999816895	0.014431984163821	0.0083110639825463
47.807998657227	0.014475032687187	0.0080854101106524
47.824001312256	0.014516076073050	0.0078629394993186
47.840000152588	0.014555353671312	0.0076435743831098
47.855998992920	0.014593097381294	0.0074272095225751
47.872001647949	0.014629518613219	0.0072137634269893
47.888000488281	0.014664817601442	0.0070031471550465
47.903999328613	0.014699202030897	0.0067952214740217
47.919998168945	0.014732870273292	0.0065898434258997
47.936000823975	0.014766003936529	0.0063868747092783
47.951999664307	0.014798761345446	0.0061861872673035
47.967998504639	0.014831309206784	0.0059876046143472
47.984001159668	0.014863797463477	0.0057909581810236
48.000000000000	0.014896360225976	0.0055960752069950
48.015998840332	0.014929128810763	0.0054027498699725
48.032001495361	0.014962201006711	0.0052108289673924
48.048000335693	0.014995691366494	0.0050200680270791
48.063999176025	0.015029673464596	0.0048303073272109
48.080001831055	0.015064223669469	0.0046413084492087
48.096000671387	0.015099396929145	0.0044528758153319
48.111999511719	0.015135237015784	0.0042647961527109
48.127998352051	0.015171771869063	0.0040768519975245
48.144001007080	0.015209017321467	0.0038888249546289
48.159999847412	0.015246967785060	0.0037005085032433
48.175998687744	0.015285616740584	0.0035116667859256
48.192001342773	0.015324934385717	0.0033220762852579
48.208000183105	0.015364870429039	0.0031315570231527
48.223999023438	0.015405373647809	0.0029398698825389
48.240001678467	0.015446364879608	0.0027468341868371
48.256000518799	0.015487767755985	0.0025521975476295
48.271999359131	0.015529475174844	0.0023558107204735
48.287998199463	0.015571372583508	0.0021574813872576
48.304000854492	0.015613343566656	0.0019569909200072
48.319999694824	0.015655240043998	0.0017541809938848
48.335998535156	0.015696913003922	0.0015488968929276
48.352001190186	0.015738205984235	0.0013409584062174
48.368000030518	0.015778934583068	0.0011302329367027
48.383998870850	0.015818919986486	0.00091656320728362
48.400001525879	0.015857970342040	0.00069981190608814
48.416000366211	0.015895875170827	0.00047987731522880
48.431999206543	0.015932423993945	0.00025667948648334
48.448001861572	0.015967395156622	3.0084376703599e-05
48.464000701904	0.016000559553504	-0.00019995891489089
48.479999542236	0.016031682491302	-0.00043353918590583
48.495998382568	0.016060518100858	-0.00067070662043989
48.512001037598	0.016086824238300	-0.00091148720821366
48.527999877930	0.016110349446535	-0.0011558827245608
48.543998718262	0.016130834817886	-0.0014039155794308
48.560001373291	0.016148025169969	-0.0016556141199544
48.576000213623	0.016161663457751	-0.0019109197892249
48.591999053955	0.016171487048268	-0.0021697932388633
48.608001708984	0.016177233308554	-0.0024322001263499
48.624000549316	0.016178647056222	-0.0026980338152498
48.639999389648	0.016175465658307	-0.0029672528617084
48.655998229980	0.016167437657714	-0.0032397434115410
48.672000885010	0.016154311597347	-0.0035153480712324
48.687999725342	0.016135828569531	-0.0037940223701298
48.703998565674	0.016111765056849	-0.0040755248628557
48.720001220703	0.016081873327494	-0.0043597416952252
48.736000061035	0.016045922413468	-0.0046465001069009
48.751998901367	0.016003703698516	-0.0049355723895133
48.768001556396	0.015954986214638	-0.0052268090657890
48.784000396729	0.015899574384093	-0.0055199605412781
48.799999237061	0.015837278217077	-0.0058147963136435
48.816001892090	0.015767922624946	-0.0061110607348382
48.832000732422	0.015691315755248	-0.0064085330814123
48.847999572754	0.015607315115631	-0.0067069251090288
48.863998413086	0.015515769831836	-0.0070059690624475
48.880001068115	0.015416549518704	-0.0073053729720414
48.895999908447	0.015309531241655	-0.0076048541814089
48.911998748779	0.015194623731077	-0.0079040937125683
48.928001403809	0.015071727335453	-0.0082027940079570
48.944000244141	0.014940772205591	-0.0085006374865770
48.959999084473	0.014801717363298	-0.0087972767651081
48.976001739502	0.014654505997896	-0.0090924156829715
48.992000579834	0.014499120414257	-0.0093857096508145
49.007999420166	0.014335542917252	-0.0096768438816071
49.023998260498	0.014163797721267	-0.0099654579535127
49.040000915527	0.013983923010528	-0.010251209139824
49.055999755859	0.013795940205455	-0.010533791035414
49.071998596191	0.013599933125079	-0.010812833905220
49.088001251221	0.013395960442722	-0.011088035069406
49.104000091553	0.013184154406190	-0.011359020136297
49.119998931885	0.012964581139386	-0.011625516228378
49.136001586914	0.012737418524921	-0.011887148953974
49.152000427246	0.012502789497375	-0.012143629603088
49.167999267578	0.012260883115232	-0.012394621036947
49.183998107910	0.012011849321425	-0.012639852240682
49.200000762939	0.011755912564695	-0.012879000045359
49.215999603271	0.011493265628815	-0.013111800886691
49.231998443604	0.011224132962525	-0.013337972573936
49.248001098633	0.010948774404824	-0.013557241298258
49.263999938965	0.010667447000742	-0.013769349083304
49.279998779297	0.010380406863987	-0.013974068686366
49.296001434326	0.010087923146784	-0.014171177521348
49.312000274658	0.0097903152927756	-0.014360445551574
49.327999114990	0.0094878729432821	-0.014541680924594
49.344001770020	0.0091809099540114	-0.014714700169861
49.360000610352	0.0088697345927358	-0.014879344962537
49.375999450684	0.0085547054186463	-0.015035447664559
49.391998291016	0.0082361446693540	-0.015182882547379
49.408000946045	0.0079143820330501	-0.015321541577578
49.423999786377	0.0075897946953773	-0.015451308339834
49.439998626709	0.0072627058252692	-0.015572116710246
49.456001281738	0.0069334865547717	-0.015683898702264
49.472000122070	0.0066025233827531	-0.015786593779922
49.487998962402	0.0062701175920665	-0.015880202874541
49.504001617432	0.0059366878122091	-0.015964696183801
49.520000457764	0.0056025618687272	-0.016040092334151
49.535999298096	0.0052681122906506	-0.016106419265270
49.551998138428	0.0049336776137352	-0.016163727268577
49.568000793457	0.0045996238477528	-0.016212079674006
49.583999633789	0.0042662951163948	-0.016251558437943
49.599998474121	0.0039340471848845	-0.016282262280583
49.616001129150	0.0036031808704138	-0.016304314136505
49.631999969482	0.0032740226015449	-0.016317853704095
49.647998809814	0.0029469199944288	-0.016323024407029
49.664001464844	0.0026221799198538	-0.016319992020726
49.680000305176	0.0023000694345683	-0.016308946534991
49.695999145508	0.0019808753859252	-0.016290085390210
49.712001800537	0.0016648728633299	-0.016263615339994
49.728000640869	0.0013523561647162	-0.016229758039117
49.743999481201	0.0010435139993206	-0.016188759356737
49.759998321533	0.00073859927942976	-0.016140861436725
49.776000976562	0.00043783546425402	-0.016086323186755
49.791999816895	0.00014141692372505	-0.016025412827730
49.807998657227	-0.00015049171634018	-0.015958407893777
49.824001312256	-0.00043770993943326	-0.015885595232248
49.840000152588	-0.00072008726419881	-0.015807265415788
49.855998992920	-0.00099750352092087	-0.015723714604974
49.872001647949	-0.0012698528589681	-0.015635244548321
49.888000488281	-0.0015370598994195	-0.015542159788311
49.903999328613	-0.0017990041524172	-0.015444769524038
49.919998168945	-0.0020556687377393	-0.015343380160630
49.936000823975	-0.0023070075549185	-0.015238300897181
49.951999664307	-0.0025530164130032	-0.015129837207496
49.967998504639	-0.0027936769183725	-0.015018296428025
49.984001159668	-0.0030290128197521	-0.014903982169926
50.000000000000	-0.0032590741757303	-0.014787185005844
