34.000000000000	0.0078029050491750	0.010554092936218
34.015998840332	0.0079459408298135	0.010610521771014
34.032001495361	0.0080979177728295	0.010664400644600
34.048000335693	0.0082586882635951	0.010715143755078
34.063999176025	0.0084280725568533	0.010762172751129
34.080001831055	0.0086058545857668	0.010804930701852
34.096000671387	0.0087917875498533	0.010842873714864
34.111999511719	0.0089855901896954	0.010875477455556
34.127998352051	0.0091869551688433	0.010902238078415
34.144001007080	0.0093955453485250	0.010922673158348
34.159999847412	0.0096109947189689	0.010936326347291
34.175998687744	0.0098329139873385	0.010942760854959
34.192001342773	0.010060888715088	0.010941572487354
34.208000183105	0.010294483043253	0.010932381264865
34.223999023438	0.010533243417740	0.010914835147560
34.240001678467	0.010776691138744	0.010888616554439
34.256000518799	0.011024341918528	0.010853430256248
34.271999359131	0.011275684460998	0.010809021070600
34.287998199463	0.011530207470059	0.010755157098174
34.304000854492	0.011787377297878	0.010691649280488
34.319999694824	0.012046663090587	0.010618332773447
34.335998535156	0.012307518161833	0.010535078123212
34.352001190186	0.012569396756589	0.010441789403558
34.368000030518	0.012831750325859	0.010338406078517
34.383998870850	0.013094030320644	0.010224896483123
34.400001525879	0.013355688191950	0.010101265273988
34.416000366211	0.013616179116070	0.0099675506353378
34.431999206543	0.013874964788556	0.0098238196223974
34.448001861572	0.014131511561573	0.0096701709553599
34.464000701904	0.014385301619768	0.0095067368820310
34.479999542236	0.014635822735727	0.0093336803838611
34.495998382568	0.014882575720549	0.0091511914506555
34.512001037598	0.015125076286495	0.0089594880118966
34.527999877930	0.015362859703600	0.0087588168680668
34.543998718262	0.015595476143062	0.0085494518280029
34.560001373291	0.015822490677238	0.0083316890522838
34.576000213623	0.016043499112129	0.0081058517098427
34.591999053955	0.016258109360933	0.0078722825273871
34.608001708984	0.016465956345201	0.0076313456520438
34.624000549316	0.016666699200869	0.0073834261856973
34.639999389648	0.016860023140907	0.0071289250627160
34.655998229980	0.017045637592673	0.0068682599812746
34.672000885010	0.017223276197910	0.0066018640063703
34.687999725342	0.017392706125975	0.0063301818445325
34.703998565674	0.017553718760610	0.0060536698438227
34.720001220703	0.017706135287881	0.0057727945968509
34.736000061035	0.017849804833531	0.0054880282841623
34.751998901367	0.017984608188272	0.0051998514682055
34.768001556396	0.018110454082489	0.0049087470397353
34.784000396729	0.018227281048894	0.0046151997521520
34.799999237061	0.018335057422519	0.0043196957558393
34.816001892090	0.018433781340718	0.0040227202698588
34.832000732422	0.018523480743170	0.0037247545551509
34.847999572754	0.018604205921292	0.0034262749832124
34.863998413086	0.018676051869988	0.0031277523376048
34.880001068115	0.018739121034741	0.0028296478558332
34.895999908447	0.018793556839228	0.0025324143934995
34.911998748779	0.018839526921511	0.0022364924661815
34.928001403809	0.018877221271396	0.0019423097837716
34.944000244141	0.018906861543655	0.0016502803191543
34.959999084473	0.018928682431579	0.0013608004665002
34.976001739502	0.018942954018712	0.0010742514859885
34.992000579834	0.018949959427118	0.00079099473077804
35.007999420166	0.018950005993247	0.00051137217087671
35.023998260498	0.018943415954709	0.00023570501070935
35.040000915527	0.018930541351438	-3.5707584174816e-05
35.055999755859	0.018911736086011	-0.00030258946935646
35.071998596191	0.018887376412749	-0.00056468829279765
35.088001251221	0.018857855349779	-0.00082177639706060
35.104000091553	0.018823571503162	-0.0010736514814198
35.119998931885	0.018784936517477	-0.0013201372930780
35.136001586914	0.018742378801107	-0.0015610845293850
35.152000427246	0.018696319311857	-0.0017963700229302
35.167999267578	0.018647199496627	-0.0020258994773030
35.183998107910	0.018595455214381	-0.0022496024612337
35.200000762939	0.018541526049376	-0.0024674471933395
35.215999603271	0.018485860899091	-0.0026794183067977
35.231998443604	0.018428901210427	-0.0028855255804956
35.248001098633	0.018371082842350	-0.0030858144164085
35.263999938965	0.018312845379114	-0.0032803614158183
35.279998779297	0.018254617229104	-0.0034692657645792
35.296001434326	0.018196823075414	-0.0036526510957628
35.312000274658	0.018139880150557	-0.0038306701462716
35.327999114990	0.018084187060595	-0.0040035010315478
35.344001770020	0.018030140548944	-0.0041713467799127
35.360000610352	0.017978118732572	-0.0043344348669052
35.375999450684	0.017928488552570	-0.0044930176809430
35.391998291016	0.017881600186229	-0.0046473690308630
35.408000946045	0.017837781459093	-0.0047977846115828
35.423999786377	0.017797350883484	-0.0049445834010839
35.439998626709	0.017760599032044	-0.0050880997441709
35.456001281738	0.017727801576257	-0.0052286908030510
35.472000122070	0.017699211835861	-0.0053667277097702
35.487998962402	0.017675057053566	-0.0055026011541486
35.504001617432	0.017655543982983	-0.0056367134675384
35.520000457764	0.017640849575400	-0.0057694818824530
35.535999298096	0.017631137743592	-0.0059013352729380
35.551998138428	0.017626533284783	-0.0060327132232487
35.568000793457	0.017627140507102	-0.0061640655621886
35.583999633789	0.017633037641644	-0.0062958491034806
35.599998474121	0.017644276842475	-0.0064285248517990
35.616001129150	0.017660880461335	-0.0065625617280602
35.631999969482	0.017682839184999	-0.0066984281875193
35.647998809814	0.017710123211145	-0.0068365973420441
35.664001464844	0.017742672935128	-0.0069775423035026
35.680000305176	0.017780395224690	-0.0071217301301658
35.695999145508	0.017823176458478	-0.0072696292772889
35.712001800537	0.017870869487524	-0.0074217026121914
35.728000640869	0.017923301085830	-0.0075784050859511
35.743999481201	0.017980277538300	-0.0077401874586940
35.759998321533	0.018041567876935	-0.0079074855893850
35.776000976562	0.018106926232576	-0.0080807311460376
35.791999816895	0.018176069483161	-0.0082603394985199
35.807998657227	0.018248699605465	-0.0084467120468616
35.824001312256	0.018324488773942	-0.0086402399465442
35.840000152588	0.018403088673949	-0.0088412938639522
35.855998992920	0.018484128639102	-0.0090502304956317
35.872001647949	0.018567211925983	-0.0092673860490322
35.888000488281	0.018651928752661	-0.0094930771738291
35.903999328613	0.018737845122814	-0.0097275990992785
35.919998168945	0.018824508413672	-0.0099712293595076
35.936000823975	0.018911452963948	-0.010224217548966
35.951999664307	0.018998194485903	-0.010486793704331
35.967998504639	0.019084231927991	-0.010759161785245
35.984001159668	0.019169056788087	-0.011041500605643
36.000000000000	0.019252141937613	-0.011333963833749
36.015998840332	0.019332954660058	-0.011636678129435
36.032001495361	0.019410951063037	-0.011949747800827
36.048000335693	0.019485577940941	-0.012273238040507
36.063999176025	0.019556278362870	-0.012607200071216
36.080001831055	0.019622487947345	-0.012951650656760
36.096000671387	0.019683640450239	-0.013306575827301
36.111999511719	0.019739169627428	-0.013671937398612
36.127998352051	0.019788501784205	-0.014047670178115
36.144001007080	0.019831070676446	-0.014433674514294
36.159999847412	0.019866310060024	-0.014829827472568
36.175998687744	0.019893655553460	-0.015235978178680
36.192001342773	0.019912552088499	-0.015651943162084
36.208000183105	0.019922444596887	-0.016077514737844
36.223999023438	0.019922796636820	-0.016512457281351
36.240001678467	0.019913064315915	-0.016956511884928
36.256000518799	0.019892733544111	-0.017409386113286
36.271999359131	0.019861286506057	-0.017870768904686
36.287998199463	0.019818229600787	-0.018340317532420
36.304000854492	0.019763072952628	-0.018817670643330
36.319999694824	0.019695352762938	-0.019302444532514
36.335998535156	0.019614614546299	-0.019794221967459
36.352001190186	0.019520420581102	-0.020292578265071
36.368000030518	0.019412361085415	-0.020797057077289
36.383998870850	0.019290037453175	-0.021307189017534
36.400001525879	0.019153071567416	-0.021822482347488
36.416000366211	0.019001111388206	-0.022342424839735
36.431999206543	0.018833821639419	-0.022866496816278
36.448001861572	0.018650896847248	-0.023394148796797
36.464000701904	0.018452048301697	-0.023924831300974
36.479999542236	0.018237015232444	-0.024457974359393
36.495998382568	0.018005562946200	-0.024992998689413
36.512001037598	0.017757475376129	-0.025529304519296
36.527999877930	0.017492566257715	-0.026066299527884
36.543998718262	0.017210680991411	-0.026603372767568
36.560001373291	0.016911676153541	-0.027139902114868
36.576000213623	0.016595453023911	-0.027675267308950
36.591999053955	0.016261925920844	-0.028208844363689
36.608001708984	0.015911038964987	-0.028740005567670
36.624000549316	0.015542766079307	-0.029268115758896
36.639999389648	0.015157102607191	-0.029792541638017
36.655998229980	0.014754074625671	-0.030312648043036
36.672000885010	0.014333735220134	-0.030827816575766
36.687999725342	0.013896159827709	-0.031337410211563
36.703998565674	0.013441449031234	-0.031840808689594
36.720001220703	0.012969728559256	-0.032337397336960
36.736000061035	0.012481159530580	-0.032826561480761
36.751998901367	0.011975912377238	-0.033307701349258
36.768001556396	0.011454189196229	-0.033780228346586
36.784000396729	0.010916210711002	-0.034243546426296
36.799999237061	0.010362227447331	-0.034697085618973
36.816001892090	0.0097925039008260	-0.035140290856361
36.832000732422	0.0092073315754533	-0.035572603344917
36.847999572754	0.0086070252582431	-0.035993497818708
36.863998413086	0.0079919062554836	-0.036402441561222
36.880001068115	0.0073623266071081	-0.036798931658268
36.895999908447	0.0067186546511948	-0.037182487547398
36.911998748779	0.0060612703673542	-0.037552621215582
36.928001403809	0.0053905714303255	-0.037908878177404
36.944000244141	0.0047069829888642	-0.038250822573900
36.959999084473	0.0040109232068062	-0.038578033447266
36.976001739502	0.0033028377220035	-0.038890104740858
36.992000579834	0.0025831770617515	-0.039186656475067
37.007999420166	0.0018524178303778	-0.039467323571444
37.023998260498	0.0011110242921859	-0.039731755852699
37.040000915527	0.00035949354059994	-0.039979632943869
37.055999755859	-0.00040169464773498	-0.040210649371147
37.071998596191	-0.0011720211477950	-0.040424518287182
37.088001251221	-0.0019509959965944	-0.040620975196362
37.104000091553	-0.0027381060644984	-0.040799777954817
37.119998931885	-0.0035328164231032	-0.040960699319839
37.136001586914	-0.0043346239253879	-0.041103538125753
37.152000427246	-0.0051430063322186	-0.041228104382753
37.167999267578	-0.0059574311599135	-0.041334241628647
37.183998107910	-0.0067773708142340	-0.041421789675951
37.200000762939	-0.0076023167930543	-0.041490636765957
37.215999603271	-0.0084317326545715	-0.041540671139956
37.231998443604	-0.0092650949954987	-0.041571799665689
37.248001098633	-0.010101892985404	-0.041583959013224
37.263999938965	-0.010941608808935	-0.041577093303204
37.279998779297	-0.011783727444708	-0.041551161557436
37.296001434326	-0.012627759017050	-0.041506148874760
37.312000274658	-0.013473180122674	-0.041442055255175
37.327999114990	-0.014319516718388	-0.041358884423971
37.344001770020	-0.015166261233389	-0.041256669908762
37.360000610352	-0.016012951731682	-0.041135452687740
37.375999450684	-0.016859099268913	-0.040995292365551
37.391998291016	-0.017704254016280	-0.040836244821548
37.408000946045	-0.018547952175140	-0.040658399462700
37.423999786377	-0.019389744848013	-0.040461853146553
37.439998626709	-0.020229199901223	-0.040246699005365
37.456001281738	-0.021065887063742	-0.040013056248426
37.472000122070	-0.021899387240410	-0.039761051535606
37.487998962402	-0.022729273885489	-0.039490815252066
37.504001617432	-0.023555174469948	-0.039202481508255
37.520000457764	-0.024376690387726	-0.038896203041077
37.535999298096	-0.025193434208632	-0.038572140038013
37.551998138428	-0.026005040854216	-0.038230448961258
37.568000793457	-0.026811156421900	-0.037871293723583
37.583999633789	-0.027611432597041	-0.037494845688343
37.599998474121	-0.028405521064997	-0.037101291120052
37.616001129150	-0.029193080961704	-0.036690805107355
37.631999969482	-0.029973814263940	-0.036263566464186
37.647998809814	-0.030747395008802	-0.035819757729769
37.664001464844	-0.031513534486294	-0.035359565168619
37.680000305176	-0.032271921634674	-0.034883193671703
37.695999145508	-0.033022277057171	-0.034390814602375
37.712001800537	-0.033764306455851	-0.033882640302181
37.728000640869	-0.034497771412134	-0.033358827233315
37.743999481201	-0.035222381353378	-0.032819598913193
37.759998321533	-0.035937886685133	-0.032265126705170
37.776000976562	-0.036644045263529	-0.031695593148470
37.791999816895	-0.037340596318245	-0.031111204996705
37.807998657227	-0.038027308881283	-0.030512131750584
37.824001312256	-0.038703937083483	-0.029898567125201
37.840000152588	-0.039370253682137	-0.029270695522428
37.855998992920	-0.040026038885117	-0.028628693893552
37.872001647949	-0.040671054273844	-0.027972741052508
37.888000488281	-0.041305102407932	-0.027302989736199
37.903999328613	-0.041927929967642	-0.026619656011462
37.919998168945	-0.042539343237877	-0.025922892615199
37.936000823975	-0.043139122426510	-0.025212854146957
37.951999664307	-0.043727040290833	-0.024489736184478
37.967998504639	-0.044302884489298	-0.023753695189953
37.984001159668	-0.044866435229778	-0.023004917427897
38.000000000000	-0.045417502522469	-0.022243499755859
38.015998840332	-0.045955821871758	-0.021469691768289
38.032001495361	-0.046481221914291	-0.020683575421572
38.048000335693	-0.046993441879749	-0.019885389134288
38.063999176025	-0.047492269426584	-0.019075265154243
38.080001831055	-0.047977492213249	-0.018253346905112
38.096000671387	-0.048448875546455	-0.017419788986444
38.111999511719	-0.048906181007624	-0.016574794426560
38.127998352051	-0.049349166452885	-0.015718510374427
38.144001007080	-0.049777608364820	-0.014851089566946
38.159999847412	-0.050191249698400	-0.013972725719213
38.175998687744	-0.050589840859175	-0.013083610683680
38.192001342773	-0.050973147153854	-0.012183868326247
38.208000183105	-0.051340900361538	-0.011273707263172
38.223999023438	-0.051692835986614	-0.010353328660131
38.240001678467	-0.052028693258762	-0.0094229299575090
38.256000518799	-0.052348203957081	-0.0084826843813062
38.271999359131	-0.052651099860668	-0.0075328098610044
38.287998199463	-0.052937109023333	-0.0065734707750380
38.304000854492	-0.053205929696560	-0.0056049963459373
38.319999694824	-0.053457301110029	-0.0046274871565402
38.335998535156	-0.053690925240517	-0.0036412654444575
38.352001190186	-0.053906511515379	-0.0026465465780348
38.368000030518	-0.054103765636683	-0.0016435801517218
38.383998870850	-0.054282400757074	-0.00063265144126490
38.400001525879	-0.054442103952169	0.00038594583747908
38.416000366211	-0.054582595825195	0.0014119725674391
38.431999206543	-0.054703567177057	0.0024451147764921
38.448001861572	-0.054804712533951	0.0034849951043725
38.464000701904	-0.054885745048523	0.0045313830487430
38.479999542236	-0.054946351796389	0.0055838772095740
38.495998382568	-0.054986245930195	0.0066421343944967
38.512001037598	-0.055005121976137	0.0077058342285454
38.527999877930	-0.055002696812153	0.0087745161727071
38.543998718262	-0.054978679865599	0.0098478235304356
38.560001373291	-0.054932773113251	0.010925360955298
38.576000213623	-0.054864719510078	0.012006655335426
38.591999053955	-0.054774217307568	0.013091312721372
38.608001708984	-0.054661020636559	0.014178846031427
38.624000549316	-0.054524838924408	0.015268846414983
38.639999389648	-0.054365467280149	0.016360711306334
38.655998229980	-0.054182615131140	0.017454031854868
38.672000885010	-0.053976077586412	0.018548244610429
38.687999725342	-0.053745619952679	0.019642850384116
38.703998565674	-0.053491029888391	0.020737279206514
38.720001220703	-0.053212113678455	0.021830961108208
38.736000061035	-0.052908688783646	0.022923316806555
38.751998901367	-0.052580565214157	0.024013794958591
38.768001556396	-0.052227608859539	0.025101736187935
38.784000396729	-0.051849678158760	0.026186548173428
38.799999237061	-0.051446627825499	0.027267597615719
38.816001892090	-0.051018379628658	0.028344230726361
38.832000732422	-0.050564836710691	0.029415769502521
38.847999572754	-0.050085909664631	0.030481621623039
38.863998413086	-0.049581583589315	0.031541015952826
38.880001068115	-0.049051810055971	0.032593317329884
38.895999908447	-0.048496596515179	0.033637788146734
38.911998748779	-0.047915920615196	0.034673798829317
38.928001403809	-0.047309879213572	0.035700537264347
38.944000244141	-0.046678520739079	0.036717303097248
38.959999084473	-0.046021901071072	0.037723414599895
38.976001739502	-0.045340150594711	0.038718100637197
38.992000579834	-0.044633410871029	0.039700638502836
39.007999420166	-0.043901812285185	0.040670294314623
39.023998260498	-0.043145608156919	0.041626263409853
39.040000915527	-0.042364940047264	0.042567893862724
39.055999755859	-0.041560094803572	0.043494369834661
39.071998596191	-0.040731322020292	0.044404987245798
39.088001251221	-0.039878897368908	0.045298997312784
39.104000091553	-0.039003189653158	0.046175647526979
39.119998931885	-0.038104563951492	0.047034170478582
39.136001586914	-0.037183288484812	0.047873940318823
39.152000427246	-0.036239892244339	0.048694130033255
39.167999267578	-0.035274710506201	0.049494110047817
39.183998107910	-0.034288275986910	0.050273109227419
39.200000762939	-0.033280994743109	0.051030497997999
39.215999603271	-0.032253466546535	0.051765542477369
39.231998443604	-0.031206214800477	0.052477579563856
39.248001098633	-0.030139761045575	0.053165983408689
39.263999938965	-0.029054732993245	0.053830094635487
39.279998779297	-0.027951754629612	0.054469283670187
39.296001434326	-0.026831422001123	0.055082976818085
39.312000274658	-0.025694457814097	0.055670544505119
39.327999114990	-0.024541560560465	0.056231446564198
39.344001770020	-0.023373363539577	0.056765142828226
39.360000610352	-0.022190688177943	0.057271089404821
39.375999450684	-0.020994266495109	0.057748794555664
39.391998291016	-0.019784905016422	0.058197770267725
39.408000946045	-0.018563317134976	0.058617595583200
39.423999786377	-0.017330406233668	0.059007816016674
39.439998626709	-0.016087004914880	0.059368036687374
39.456001281738	-0.014833905734122	0.059697896242142
39.472000122070	-0.013572087511420	0.059997033327818
39.487998962402	-0.012302345596254	0.060265153646469
39.504001617432	-0.011025598272681	0.060501962900162
39.520000457764	-0.0097427787259221	0.060707215219736
39.535999298096	-0.0084547735750675	0.060880679637194
39.551998138428	-0.0071625350974500	0.061022181063890
39.568000793457	-0.0058670244179666	0.061131551861763
39.583999633789	-0.0045691803097725	0.061208665370941
39.599998474121	-0.0032699760049582	0.061253432184458
39.616001129150	-0.0019703316502273	0.061265800148249
39.631999969482	-0.00067122734617442	0.061245743185282
39.647998809814	0.00062635465292260	0.061193265020847
39.664001464844	0.0019214319763705	0.061108425259590
39.680000305176	0.0032130817417055	0.060991283506155
39.695999145508	0.0045003253035247	0.060841962695122
39.712001800537	0.0057821590453386	0.060660615563393
39.728000640869	0.0070576439611614	0.060447417199612
39.743999481201	0.0083258748054504	0.060202583670616
39.759998321533	0.0095858406275511	0.059926368296146
39.776000976562	0.010836682282388	0.059619050472975
39.791999816895	0.012077380903065	0.059280954301357
39.807998657227	0.013307101093233	0.058912422508001
39.824001312256	0.014524907805026	0.058513842523098
39.840000152588	0.015729907900095	0.058085620403290
39.855998992920	0.016921252012253	0.057628206908703
39.872001647949	0.018098112195730	0.057142067700624
39.888000488281	0.019259562715888	0.056627735495567
39.903999328613	0.020404893904924	0.056085709482431
39.919998168945	0.021533226594329	0.055516581982374
39.936000823975	0.022643838077784	0.054920926690102
39.951999664307	0.023735973984003	0.054299365729094
39.967998504639	0.024808904156089	0.053652528673410
39.984001159668	0.025861900299788	0.052981104701757
40.000000000000	0.026894288137555	0.052285790443420
40.015998840332	0.027905464172363	0.051567263901234
40.032001495361	0.028894757851958	0.050826288759708
40.048000335693	0.029861602932215	0.050063606351614
40.063999176025	0.030805429443717	0.049279987812042
40.080001831055	0.031725663691759	0.048476260155439
40.096000671387	0.032621875405312	0.047653179615736
40.111999511719	0.033493559807539	0.046811584383249
40.127998352051	0.034340243786573	0.045952331274748
40.144001007080	0.035161562263966	0.045076247304678
40.159999847412	0.035957094281912	0.044184215366840
40.175998687744	0.036726526916027	0.043277096003294
40.192001342773	0.037469547241926	0.042355753481388
40.208000183105	0.038185890763998	0.041421078145504
40.223999023438	0.038875289261341	0.040473967790604
40.240001678467	0.039537541568279	0.039515312761068
40.256000518799	0.040172476321459	0.038546010851860
40.271999359131	0.040779914706945	0.037566997110844
40.287998199463	0.041359812021255	0.036579098552465
40.304000854492	0.041912041604519	0.035583272576332
40.319999694824	0.042436599731445	0.034580368548632
40.335998535156	0.042933441698551	0.033571306616068
40.352001190186	0.043402597308159	0.032556992024183
40.368000030518	0.043844137340784	0.031538248062134
40.383998870850	0.044258158653975	0.030515970662236
40.400001525879	0.044644750654697	0.029491024091840
40.416000366211	0.045004066079855	0.028464276343584
40.431999206543	0.045336302369833	0.027436519041657
40.448001861572	0.045641645789146	0.026408629491925
40.464000701904	0.045920372009277	0.025381352752447
40.479999542236	0.046172689646482	0.024355560541153
40.495998382568	0.046398933976889	0.023331983014941
40.512001037598	0.046599429100752	0.022311355918646
40.527999877930	0.046774461865425	0.021294524893165
40.543998718262	0.046924475580454	0.020282074809074
40.560001373291	0.047049798071384	0.019274841994047
40.576000213623	0.047150887548923	0.018273411318660
40.591999053955	0.047228153795004	0.017278486862779
40.608001708984	0.047282062470913	0.016290701925755
40.624000549316	0.047313086688519	0.015310645103455
40.639999389648	0.047321714460850	0.014338953420520
40.655998229980	0.047308456152678	0.013376168906689
40.672000885010	0.047273837029934	0.012422833591700
40.687999725342	0.047218412160873	0.011479422450066
40.703998565674	0.047142714262009	0.010546491481364
40.720001220703	0.047047305852175	0.0096244895830750
40.736000061035	0.046932786703110	0.0087137902155519
40.751998901367	0.046799719333649	0.0078148795291781
40.768001556396	0.046648707240820	0.0069281049072742
40.784000396729	0.046480342745781	0.0060538332909346
40.799999237061	0.046295244246721	0.0051923631690443
40.816001892090	0.046094015240669	0.0043440554291010
40.832000732422	0.045877270400524	0.0035091133322567
40.847999572754	0.045645631849766	0.0026878491044044
40.863998413086	0.045399714261293	0.0018804175779223
40.880001068115	0.045140132308006	0.0010870813857764
40.895999908447	0.044867508113384	0.00030794937629253
40.911998748779	0.044582452625036	-0.00045678540482186
40.928001403809	0.044285576790571	-0.0012070590164512
40.944000244141	0.043977487832308	-0.0019427449442446
40.959999084473	0.043658789247274	-0.0026638007257134
40.976001739502	0.043330065906048	-0.0033701630309224
40.992000579834	0.042991906404495	-0.0040618516504765
41.007999420166	0.042644891887903	-0.0047388225793839
41.023998260498	0.042289581149817	-0.0054011316969991
41.040000915527	0.041926544159651	-0.0060488353483379
41.055999755859	0.041556317359209	-0.0066819619387388
41.071998596191	0.041179429739714	-0.0073006795719266
41.088001251221	0.040796421468258	-0.0079050119966269
41.104000091553	0.040407773107290	-0.0084951538592577
41.119998931885	0.040013995021582	-0.0090711973607540
41.136001586914	0.039615560323000	-0.0096333632245660
41.152000427246	0.039212927222252	-0.010181785561144
41.167999267578	0.038806539028883	-0.010716706514359
41.183998107910	0.038396835327148	-0.011238262988627
41.200000762939	0.037984222173691	-0.011746737174690
41.215999603271	0.037569094449282	-0.012242333963513
41.231998443604	0.037151820957661	-0.012725346721709
41.248001098633	0.036732774227858	-0.013195962645113
41.263999938965	0.036312285810709	-0.013654501177371
41.279998779297	0.035890687257051	-0.014101194217801
41.296001434326	0.035468265414238	-0.014536365866661
41.312000274658	0.035045310854912	-0.014960287138820
41.327999114990	0.034622091799974	-0.015373252332211
41.344001770020	0.034198869019747	-0.015775520354509
41.360000610352	0.033775839954615	-0.016167461872101
41.375999450684	0.033353231847286	-0.016549335792661
41.391998291016	0.032931242138147	-0.016921447589993
41.408000946045	0.032510034739971	-0.017284113913774
41.423999786377	0.032089769840240	-0.017637630924582
41.439998626709	0.031670562922955	-0.017982335761189
41.456001281738	0.031252559274435	-0.018318491056561
41.472000122070	0.030835840851068	-0.018646433949471
41.487998962402	0.030420513823628	-0.018966412171721
41.504001617432	0.030006632208824	-0.019278755411506
41.520000457764	0.029594251886010	-0.019583735615015
41.535999298096	0.029183404520154	-0.019881654530764
41.551998138428	0.028774125501513	-0.020172756165266
41.568000793457	0.028366409242153	-0.020457334816456
41.583999633789	0.027960261330009	-0.020735630765557
41.599998474121	0.027555653825402	-0.021007902920246
41.616001129150	0.027152568101883	-0.021274389699101
41.631999969482	0.026750957593322	-0.021535316482186
41.647998809814	0.026350758969784	-0.021790927276015
41.664001464844	0.025951920077205	-0.022041408345103
41.680000305176	0.025554347783327	-0.022286998108029
41.695999145508	0.025157986208797	-0.022527838125825
41.712001800537	0.024762725457549	-0.022764138877392
41.728000640869	0.024368481710553	-0.022996049374342
41.743999481201	0.023975130170584	-0.023223744705319
41.759998321533	0.023582573980093	-0.023447347804904
41.776000976562	0.023190688341856	-0.023667002096772
41.791999816895	0.022799354046583	-0.023882823064923
41.807998657227	0.022408457472920	-0.024094903841615
41.824001312256	0.022017855197191	-0.024303352460265
41.840000152588	0.021627414971590	-0.024508249014616
41.855998992920	0.021237019449472	-0.024709647521377
41.872001647949	0.020846523344517	-0.024907624348998
41.888000488281	0.020455798134208	-0.025102203711867
41.903999328613	0.020064715296030	-0.025293424725533
41.919998168945	0.019673155620694	-0.025481298565865
41.936000823975	0.019280977547169	-0.025665832683444
41.951999664307	0.018888035789132	-0.025847047567368
41.967998504639	0.018494233489037	-0.026024905964732
41.984001159668	0.018099442124367	-0.026199387386441
42.000000000000	0.017703559249640	-0.026370454579592
42.015998840332	0.017306460067630	-0.026538064703345
42.032001495361	0.016908042132854	-0.026702161878347
42.048000335693	0.016508199274540	-0.026862686499953
42.063999176025	0.016106870025396	-0.027019545435905
42.080001831055	0.015703948214650	-0.027172679081559
42.096000671387	0.015299350023270	-0.027321990579367
42.111999511719	0.014893028885126	-0.027467377483845
42.127998352051	0.014484896324575	-0.027608750388026
42.144001007080	0.014074927195907	-0.027745986357331
42.159999847412	0.013663044199347	-0.027878984808922
42.175998687744	0.013249244540930	-0.028007613494992
42.192001342773	0.012833490036428	-0.028131751343608
42.208000183105	0.012415759265423	-0.028251273557544
42.223999023438	0.011996028944850	-0.028366057202220
42.240001678467	0.011574344709516	-0.028475947678089
42.256000518799	0.011150678619742	-0.028580831363797
42.271999359131	0.010725063271821	-0.028680562973022
42.287998199463	0.010297537781298	-0.028775002807379
42.304000854492	0.0098681328818202	-0.028864016756415
42.319999694824	0.0094369305297732	-0.028947453945875
42.335998535156	0.0090039353817701	-0.029025204479694
42.352001190186	0.0085692508146167	-0.029097111895680
42.368000030518	0.0081329504027963	-0.029163055121899
42.383998870850	0.0076951286755502	-0.029222896322608
42.400001525879	0.0072558801621199	-0.029276508837938
42.416000366211	0.0068152993917465	-0.029323777183890
42.431999206543	0.0063734943978488	-0.029364580288529
42.448001861572	0.0059306388720870	-0.029398789629340
42.464000701904	0.0054867989383638	-0.029426313936710
42.479999542236	0.0050421310588717	-0.029447045177221
42.495998382568	0.0045968089252710	-0.029460877180099
42.512001037598	0.0041509568691254	-0.029467724263668
42.527999877930	0.0037047313526273	-0.029467504471540
42.543998718262	0.0032583212014288	-0.029460133984685
42.560001373291	0.0028118630871177	-0.029445545747876
42.576000213623	0.0023655535187572	-0.029423680156469
42.591999053955	0.0019195637432858	-0.029394475743175
42.608001708984	0.0014740688493475	-0.029357893392444
42.624000549316	0.0010292738443241	-0.029313888400793
42.639999389648	0.00058535812422633	-0.029262432828546
42.655998229980	0.00014251690299716	-0.029203508049250
42.672000885010	-0.00029906732379459	-0.029137102887034
42.687999725342	-0.00073916930705309	-0.029063209891319
42.703998565674	-0.0011776187457144	-0.028981838375330
42.720001220703	-0.0016142039094120	-0.028893003240228
42.736000061035	-0.0020487129222602	-0.028796726837754
42.751998901367	-0.0024809760507196	-0.028693042695522
42.768001556396	-0.0029107977170497	-0.028581993654370
42.784000396729	-0.0033379553351551	-0.028463628143072
42.799999237061	-0.0037622565869242	-0.028338009491563
42.816001892090	-0.0041835121810436	-0.028205208480358
42.832000732422	-0.0046015596017241	-0.028065294027328
42.847999572754	-0.0050161881372333	-0.027918351814151
42.863998413086	-0.0054272166453302	-0.027764480561018
42.880001068115	-0.0058344686403871	-0.027603780850768
42.895999908447	-0.0062377690337598	-0.027436358854175
42.911998748779	-0.0066369762644172	-0.027262326329947
42.928001403809	-0.0070318737998605	-0.027081817388535
42.944000244141	-0.0074223545379937	-0.026894951239228
42.959999084473	-0.0078082126565278	-0.026701876893640
42.976001739502	-0.0081893503665924	-0.026502721011639
42.992000579834	-0.0085656028240919	-0.026297643780708
43.007999420166	-0.0089368810877204	-0.026086783036590
43.023998260498	-0.0093029793351889	-0.025870323181152
43.040000915527	-0.0096638510003686	-0.025648402050138
43.055999755859	-0.010019350796938	-0.025421198457479
43.071998596191	-0.010369395837188	-0.025188878178596
43.088001251221	-0.010713854804635	-0.024951625615358
43.104000091553	-0.011052703484893	-0.024709593504667
43.119998931885	-0.011385780759156	-0.024462994188070
43.136001586914	-0.011713097803295	-0.024211974814534
43.152000427246	-0.012034530751407	-0.023956744000316
43.167999267578	-0.012350056320429	-0.023697471246123
43.183998107910	-0.012659635394812	-0.023434333503246
43.200000762939	-0.012963233515620	-0.023167515173554
43.215999603271	-0.013260778971016	-0.022897221148014
43.231998443604	-0.013552276417613	-0.022623622789979
43.248001098633	-0.013837689533830	-0.022346913814545
43.263999938965	-0.014117054641247	-0.022067248821259
43.279998779297	-0.014390365220606	-0.021784806624055
43.296001434326	-0.014657631516457	-0.021499767899513
43.312000274658	-0.014918836764991	-0.021212320774794
43.327999114990	-0.015174021944404	-0.020922629162669
43.344001770020	-0.015423228032887	-0.020630853250623
43.360000610352	-0.015666496008635	-0.020337145775557
43.375999450684	-0.015903860330582	-0.020041676238179
43.391998291016	-0.016135372221470	-0.019744595512748
43.408000946045	-0.016361091285944	-0.019446047022939
43.423999786377	-0.016581060364842	-0.019146192818880
43.439998626709	-0.016795363277197	-0.018845153972507
43.456001281738	-0.017004085704684	-0.018543051555753
43.472000122070	-0.017207264900208	-0.018240045756102
43.487998962402	-0.017405023798347	-0.017936216667295
43.504001617432	-0.017597436904907	-0.017631683498621
43.520000457764	-0.017784550786018	-0.017326598986983
43.535999298096	-0.017966492101550	-0.017021026462317
43.551998138428	-0.018143355846405	-0.016715053468943
43.568000793457	-0.018315222114325	-0.016408788040280
43.583999633789	-0.018482206389308	-0.016102289780974
43.599998474121	-0.018644385039806	-0.015795651823282
43.616001129150	-0.018801854923368	-0.015488948673010
43.631999969482	-0.018954711034894	-0.015182241797447
43.647998809814	-0.019103094935417	-0.014875542372465
43.664001464844	-0.019247077405453	-0.014568920247257
43.680000305176	-0.019386740401387	-0.014262448064983
43.695999145508	-0.019522195681930	-0.013956132344902
43.712001800537	-0.019653547555208	-0.013649999164045
43.728000640869	-0.019780900329351	-0.013344044797122
43.743999481201	-0.019904311746359	-0.013038340955973
43.759998321533	-0.020023882389069	-0.012732875533402
43.776000976562	-0.020139710977674	-0.012427637353539
43.791999816895	-0.020251881331205	-0.012122622691095
43.807998657227	-0.020360471680760	-0.011817829683423
43.824001312256	-0.020465552806854	-0.011513252742589
43.840000152588	-0.020567195490003	-0.011208877898753
43.855998992920	-0.020665468648076	-0.010904690250754
43.872001647949	-0.020760433748364	-0.010600653477013
43.888000488281	-0.020852163434029	-0.010296724736691
43.903999328613	-0.020940702408552	-0.0099928807467222
43.919998168945	-0.021026097238064	-0.0096890954300761
43.936000823975	-0.021108396351337	-0.0093853184953332
43.951999664307	-0.021187633275986	-0.0090815182775259
43.967998504639	-0.021263843402267	-0.0087776416912675
43.984001159668	-0.021337050944567	-0.0084736542776227
44.000000000000	-0.021407289430499	-0.0081694768741727
44.015998840332	-0.021474553272128	-0.0078651150688529
44.032001495361	-0.021538848057389	-0.0075605274178088
44.048000335693	-0.021600207313895	-0.0072555947117507
44.063999176025	-0.021658616140485	-0.0069502969272435
44.080001831055	-0.021714059635997	-0.0066445921547711
44.096000671387	-0.021766517311335	-0.0063384841196239
44.111999511719	-0.021815989166498	-0.0060318494215608
44.127998352051	-0.021862439811230	-0.0057246689684689
44.144001007080	-0.021905837580562	-0.0054169045761228
44.159999847412	-0.021946150809526	-0.0051085189916193
44.175998687744	-0.021983331069350	-0.0047994973137975
44.192001342773	-0.022017339244485	-0.0044897627085447
44.208000183105	-0.022048123180866	-0.0041793035343289
44.223999023438	-0.022075625136495	-0.0038680888246745
44.240001678467	-0.022099781781435	-0.0035561325494200
44.256000518799	-0.022120540961623	-0.0032433234155178
44.271999359131	-0.022137822583318	-0.0029297440778464
44.287998199463	-0.022151555866003	-0.0026153302751482
44.304000854492	-0.022161671891809	-0.0023001078516245
44.319999694824	-0.022168088704348	-0.0019840400200337
44.335998535156	-0.022170728072524	-0.0016671366756782
44.352001190186	-0.022169502452016	-0.0013494535814971
44.368000030518	-0.022164329886436	-0.0010309440549463
44.383998870850	-0.022155122831464	-0.00071167096029967
44.400001525879	-0.022141793742776	-0.00039163761539385
44.416000366211	-0.022124247625470	-7.0893453084864e-05
44.431999206543	-0.022102398797870	0.00025050801923499
44.448001861572	-0.022076157853007	0.00057253043632954
44.464000701904	-0.022045429795980	0.00089517515152693
44.479999542236	-0.022010125219822	0.0012183132348582
44.495998382568	-0.021970160305500	0.0015418956754729
44.512001037598	-0.021925440058112	0.0018658695043996
44.527999877930	-0.021875878795981	0.0021901768632233
44.543998718262	-0.021821396425366	0.0025146729312837
44.560001373291	-0.021761903539300	0.0028393333777785
44.576000213623	-0.021697325631976	0.0031640264205635
44.591999053955	-0.021627578884363	0.0034886572975665
44.608001708984	-0.021552596241236	0.0038131270557642
44.624000549316	-0.021472299471498	0.0041373344138265
44.639999389648	-0.021386625245214	0.0044611729681492
44.655998229980	-0.021295513957739	0.0047844718210399
44.672000885010	-0.021198900416493	0.0051071587949991
44.687999725342	-0.021096738055348	0.0054290574043989
44.703998565674	-0.020988976582885	0.0057500698603690
44.720001220703	-0.020875569432974	0.0060700331814587
44.736000061035	-0.020756486803293	0.0063888039439917
44.751998901367	-0.020631685853004	0.0067062554880977
44.768001556396	-0.020501142367721	0.0070222374051809
44.784000396729	-0.020364843308926	0.0073365811258554
44.799999237061	-0.020222770050168	0.0076491353102028
44.816001892090	-0.020074917003512	0.0079597448930144
44.832000732422	-0.019921274855733	0.0082682762295008
44.847999572754	-0.019761864095926	0.0085745146498084
44.863998413086	-0.019596701487899	0.0088783083483577
44.880001068115	-0.019425772130489	0.0091795539483428
44.895999908447	-0.019249139353633	0.0094780251383781
44.911998748779	-0.019066829234362	0.0097735645249486
44.928001403809	-0.018878856673837	0.010066053830087
44.944000244141	-0.018685305491090	0.010355268605053
44.959999084473	-0.018486205488443	0.010641091503203
44.976001739502	-0.018281616270542	0.010923354886472
44.992000579834	-0.018071623519063	0.011201874352992
45.007999420166	-0.017856284976006	0.011476520448923
45.023998260498	-0.017635708674788	0.011747099459171
45.040000915527	-0.017409939318895	0.012013519182801
45.055999755859	-0.017179094254971	0.012275589630008
45.071998596191	-0.016943283379078	0.012533162720501
45.088001251221	-0.016702612861991	0.012786089442670
45.104000091553	-0.016457164660096	0.013034275732934
45.119998931885	-0.016207080334425	0.013277546502650
45.136001586914	-0.015952505171299	0.013515754602849
45.152000427246	-0.015693515539169	0.013748830184340
45.167999267578	-0.015430290251970	0.013976603746414
45.183998107910	-0.015162944793701	0.014198984950781
45.200000762939	-0.014891624450684	0.014415860176086
45.215999603271	-0.014616469852626	0.014627132564783
45.231998443604	-0.014337671920657	0.014832656830549
45.248001098633	-0.014055322855711	0.015032405033708
45.263999938965	-0.013769629411399	0.015226246789098
45.279998779297	-0.013480738736689	0.015414109453559
45.296001434326	-0.013188793323934	0.015595938079059
45.312000274658	-0.012893992476165	0.015771633014083
45.327999114990	-0.012596467509866	0.015941170975566
45.344001770020	-0.012296405620873	0.016104472801089
45.360000610352	-0.011993986554444	0.016261488199234
45.375999450684	-0.011689389124513	0.016412170603871
45.391998291016	-0.011382762342691	0.016556501388550
45.408000946045	-0.011074287816882	0.016694443300366
45.423999786377	-0.010764116421342	0.016825994476676
45.439998626709	-0.010452444665134	0.016951115801930
45.456001281738	-0.010139470919967	0.017069788649678
45.472000122070	-0.0098252976313233	0.017182052135468
45.487998962402	-0.0095101697370410	0.017287861555815
45.504001617432	-0.0091941878199577	0.017387267202139
45.520000457764	-0.0088775642216206	0.017480259761214
45.535999298096	-0.0085604609921575	0.017566867172718
45.551998138428	-0.0082430038601160	0.017647126689553
45.568000793457	-0.0079253856092691	0.017721062526107
45.583999633789	-0.0076077305711806	0.017788724973798
45.599998474121	-0.0072902413085103	0.017850136384368
45.616001129150	-0.0069730379618704	0.017905358225107
45.631999969482	-0.0066562350839376	0.017954459413886
45.647998809814	-0.0063400305807590	0.017997471615672
45.664001464844	-0.0060245343483984	0.018034473061562
45.680000305176	-0.0057098865509033	0.018065523356199
45.695999145508	-0.0053962087258697	0.018090698868036
45.712001800537	-0.0050836517475545	0.018110064789653
45.728000640869	-0.0047722947783768	0.018123706802726
45.743999481201	-0.0044623012654483	0.018131695687771
45.759998321533	-0.0041537433862686	0.018134124577045
45.776000976562	-0.0038467757403851	0.018131064251065
45.791999816895	-0.0035414646845311	0.018122611567378
45.807998657227	-0.0032379059121013	0.018108855932951
45.824001312256	-0.0029362100176513	0.018089883029461
45.840000152588	-0.0026364487130195	0.018065789714456
45.855998992920	-0.0023387593682855	0.018036656081676
45.872001647949	-0.0020431387238204	0.018002592027187
45.888000488281	-0.0017497166991234	0.017963679507375
45.903999328613	-0.0014585515018553	0.017920017242432
45.919998168945	-0.0011697153095156	0.017871696501970
45.936000823975	-0.00088324287207797	0.017818814143538
45.951999664307	-0.00059921684442088	0.017761461436749
45.967998504639	-0.00031768294866197	0.017699731513858
45.984001159668	-3.8700683944626e-05	0.017633715644479
46.000000000000	0.00023770669940859	0.017563503235579
46.015998840332	0.00051148497732356	0.017489183694124
46.032001495361	0.00078258273424581	0.017410844564438
46.048000335693	0.0010509840212762	0.017328573390841
46.063999176025	0.0013166585704312	0.017242450267076
46.080001831055	0.0015795617364347	0.017152562737465
46.096000671387	0.0018396668601781	0.017058985307813
46.111999511719	0.0020969666074961	0.016961801797152
46.127998352051	0.0023514369968325	0.016861081123352
46.144001007080	0.0026030405424535	0.016756901517510
46.159999847412	0.0028517893515527	0.016649331897497
46.175998687744	0.0030976319685578	0.016538443043828
46.192001342773	0.0033405825961381	0.016424298286438
46.208000183105	0.0035806221421808	0.016306957229972
46.223999023438	0.0038177045062184	0.016186496242881
46.240001678467	0.0040518888272345	0.016062948852777
46.256000518799	0.0042830831371248	0.015936397016048
46.271999359131	0.0045113335363567	0.015806879848242
46.287998199463	0.0047365771606565	0.015674458816648
46.304000854492	0.0049588731490076	0.015539167448878
46.319999694824	0.0051781469956040	0.015401070937514
46.335998535156	0.0053944112733006	0.015260205604136
46.352001190186	0.0056076627224684	0.015116611495614
46.368000030518	0.0058178412728012	0.014970348216593
46.383998870850	0.0060249865055084	0.014821437187493
46.400001525879	0.0062290793284774	0.014669916592538
46.416000366211	0.0064300568774343	0.014515840448439
46.431999206543	0.0066279261372983	0.014359236694872
46.448001861572	0.0068226815201342	0.014200135134161
46.464000701904	0.0070142848417163	0.014038577675819
46.479999542236	0.0072027142159641	0.013874598778784
46.495998382568	0.0073879431001842	0.013708230108023
46.512001037598	0.0075699216686189	0.013539520092309
46.527999877930	0.0077486624941230	0.013368481770158
46.543998718262	0.0079241106286645	0.013195160776377
46.560001373291	0.0080962274223566	0.013019597157836
46.576000213623	0.0082649942487478	0.012841818854213
46.591999053955	0.0084303440526128	0.012661880813539
46.608001708984	0.0085922842845321	0.012479794211686
46.624000549316	0.0087507329881191	0.012295623309910
46.639999389648	0.0089056836441159	0.012109390459955
46.655998229980	0.0090570561587811	0.011921163648367
46.672000885010	0.0092048281803727	0.011730972677469
46.687999725342	0.0093489456921816	0.011538872495294
46.703998565674	0.0094893639907241	0.011344914324582
46.720001220703	0.0096260262653232	0.011149156838655
46.736000061035	0.0097589017823339	0.010951642878354
46.751998901367	0.0098879355937243	0.010752437636256
46.768001556396	0.010013065300882	0.010551615618169
46.784000396729	0.010134248994291	0.010349234566092
46.799999237061	0.010251438245177	0.010145365260541
46.816001892090	0.010364582762122	0.0099400803446770
46.832000732422	0.010473637841642	0.0097334543243051
46.847999572754	0.010578548535705	0.0095255756750703
46.863998413086	0.010679254308343	0.0093165431171656
46.880001068115	0.010775744915009	0.0091064088046551
46.895999908447	0.010867954231799	0.0088952872902155
46.911998748779	0.010955833829939	0.0086832866072655
46.928001403809	0.011039367876947	0.0084704747423530
46.944000244141	0.011118497699499	0.0082569839432836
46.959999084473	0.011193200945854	0.0080429082736373
46.976001739502	0.011263450607657	0.0078283529728651
46.992000579834	0.011329201050103	0.0076134596019983
47.007999420166	0.011390457861125	0.0073983035981655
47.023998260498	0.011447169817984	0.0071830507367849
47.040000915527	0.011499347165227	0.0069677922874689
47.055999755859	0.011546963825822	0.0067526749335229
47.071998596191	0.011590026319027	0.0065378132276237
47.088001251221	0.011628522537649	0.0063233557157218
47.104000091553	0.011662468314171	0.0061094188131392
47.119998931885	0.011691867373884	0.0058961524628103
47.136001586914	0.011716735549271	0.0056836954317987
47.152000427246	0.011737102642655	0.0054721748456359
47.167999267578	0.011752991937101	0.0052617401815951
47.183998107910	0.011764439754188	0.0050525278784335
47.200000762939	0.011771487072110	0.0048446864821017
47.215999603271	0.011774183250964	0.0046383491717279
47.231998443604	0.011772585101426	0.0044336607679725
47.248001098633	0.011766743846238	0.0042307851836085
47.263999938965	0.011756749823689	0.0040298053063452
47.279998779297	0.011742658913136	0.0038309129886329
47.296001434326	0.011724564246833	0.0036342195235193
47.312000274658	0.011702557094395	0.0034398545976728
47.327999114990	0.011676725000143	0.0032479767687619
47.344001770020	0.011647184379399	0.0030586735811085
47.360000610352	0.011614039540291	0.0028720954433084
47.375999450684	0.011577408760786	0.0026883538812399
47.391998291016	0.011537415906787	0.0025075778830796
47.408000946045	0.011494192294776	0.0023298675660044
47.423999786377	0.011447881348431	0.0021553079131991
47.439998626709	0.011398616246879	0.0019840423483402
47.456001281738	0.011346554383636	0.0018161316402256
47.472000122070	0.011291847564280	0.0016516739269719
47.487998962402	0.011234656907618	0.0014907390577719
47.504001617432	0.011175149120390	0.0013334112009034
47.520000457764	0.011113491840661	0.0011797565966845
47.535999298096	0.011049861088395	0.0010298347333446
47.551998138428	0.010984434746206	0.00088368705473840
47.568000793457	0.010917396284640	0.00074134807800874
47.583999633789	0.010848930105567	0.00060286605730653
47.599998474121	0.010779225267470	0.00046824038145132
47.616001129150	0.010708469897509	0.00033750498550944
47.631999969482	0.010636859573424	0.00021066602494102
47.647998809814	0.010564582422376	8.7682528828736e-05
47.664001464844	0.010491836816072	-3.1431965908268e-05
47.680000305176	0.010418814606965	-0.00014670081145596
47.695999145508	0.010345711372793	-0.00025817309506238
47.712001800537	0.010272718034685	-0.00036589335650206
47.728000640869	0.010200026445091	-0.00046993084833957
47.743999481201	0.010127825662494	-0.00057033990742639
47.759998321533	0.010056304745376	-0.00066718936432153
47.776000976562	0.0099856453016400	-0.00076059950515628
47.791999816895	0.0099160261452198	-0.00085064588347450
47.807998657227	0.0098476242274046	-0.00093743571778759
47.824001312256	0.0097806071862578	-0.0010211159242317
47.840000152588	0.0097151435911655	-0.0011017691576853
47.855998992920	0.0096513880416751	-0.0011795820901170
47.872001647949	0.0095894932746887	-0.0012546766083688
47.888000488281	0.0095296045765281	-0.0013272206997499
47.903999328613	0.0094718579202890	-0.0013973633758724
47.919998168945	0.0094163799658418	-0.0014653073158115
47.936000823975	0.0093632899224758	-0.0015312172472477
47.951999664307	0.0093127004802227	-0.0015952739631757
47.967998504639	0.0092647084966302	-0.0016576919006184
47.984001159668	0.0092194015160203	-0.0017186732729897
48.000000000000	0.0091768624261022	-0.0017784180818126
48.015998840332	0.0091371536254883	-0.0018371487967670
48.032001495361	0.0091003328561783	-0.0018950849771500
48.048000335693	0.0090664410963655	-0.0019524600356817
48.063999176025	0.0090355100110173	-0.0020094949286431
48.080001831055	0.0090075600892305	-0.0020664166659117
48.096000671387	0.0089825941249728	-0.0021234648302197
48.111999511719	0.0089606009423733	-0.0021808850578964
48.127998352051	0.0089415637776256	-0.0022389034274966
48.144001007080	0.0089254463091493	-0.0022977583575994
48.159999847412	0.0089121982455254	-0.0023576873354614
48.175998687744	0.0089017543941736	-0.0024189413525164
48.192001342773	0.0088940430432558	-0.0024817360099405
48.208000183105	0.0088889710605145	-0.0025463092606515
48.223999023438	0.0088864341378212	-0.0026128992903978
48.240001678467	0.0088863112032413	-0.0026817226316780
48.256000518799	0.0088884793221951	-0.0027529897633940
48.271999359131	0.0088927811011672	-0.0028269400354475
48.287998199463	0.0088990703225136	-0.0029037466738373
48.304000854492	0.0089071653783321	-0.0029836394824088
48.319999694824	0.0089168846607208	-0.0030668049585074
48.335998535156	0.0089280363172293	-0.0031534109730273
48.352001190186	0.0089404089376330	-0.0032436405308545
48.368000030518	0.0089537855237722	-0.0033376500941813
48.383998870850	0.0089679313823581	-0.0034356010146439
48.400001525879	0.0089826006442308	-0.0035376443993300
48.416000366211	0.0089975558221340	-0.0036438764072955
48.431999206543	0.0090125203132629	-0.0037544490769506
48.448001861572	0.0090272342786193	-0.0038694420363754
48.464000701904	0.0090414145961404	-0.0039889556355774
48.479999542236	0.0090547921136022	-0.0041130329482257
48.495998382568	0.0090670548379421	-0.0042417701333761
48.512001037598	0.0090779131278396	-0.0043751969933510
48.527999877930	0.0090870680287480	-0.0045133358798921
48.543998718262	0.0090942094102502	-0.0046561989001930
48.560001373291	0.0090990243479609	-0.0048037907108665
48.576000213623	0.0091012120246887	-0.0049560614861548
48.591999053955	0.0091004483401775	-0.0051129953935742
48.608001708984	0.0090964250266552	-0.0052745211869478
48.624000549316	0.0090888254344463	-0.0054405652917922
48.639999389648	0.0090773236006498	-0.0056110587902367
48.655998229980	0.0090616391971707	-0.0057858419604599
48.672000885010	0.0090414425358176	-0.0059648202732205
48.687999725342	0.0090164281427860	-0.0061478503048420
48.703998565674	0.0089863184839487	-0.0063347425311804
48.720001220703	0.0089507987722754	-0.0065253423526883
48.736000061035	0.0089095951989293	-0.0067194392904639
48.751998901367	0.0088624395430088	-0.0069168098270893
48.768001556396	0.0088090468198061	-0.0071172397583723
48.784000396729	0.0087491786107421	-0.0073204594664276
48.799999237061	0.0086825778707862	-0.0075262202881277
48.816001892090	0.0086090024560690	-0.0077342498116195
48.832000732422	0.0085282390937209	-0.0079442448914051
48.847999572754	0.0084400856867433	-0.0081558926030993
48.863998413086	0.0083443475887179	-0.0083688730373979
48.880001068115	0.0082408264279366	-0.0085828695446253
48.895999908447	0.0081293741241097	-0.0087975254282355
48.911998748779	0.0080098584294319	-0.0090124700218439
48.928001403809	0.0078821210190654	-0.0092273652553558
48.944000244141	0.0077460822649300	-0.0094418050721288
48.959999084473	0.0076016215607524	-0.0096554318442941
48.976001739502	0.0074486886151135	-0.0098678339272738
48.992000579834	0.0072872168384492	-0.010078621096909
49.007999420166	0.0071171913295984	-0.010287379845977
49.023998260498	0.0069385846145451	-0.010493709705770
49.040000915527	0.0067514046095312	-0.010697200894356
49.055999755859	0.0065556988120079	-0.010897427797318
49.071998596191	0.0063514844514430	-0.011093994602561
49.088001251221	0.0061388756148517	-0.011286462657154
49.104000091553	0.0059179333038628	-0.011474435217679
49.119998931885	0.0056887967512012	-0.011657490395010
49.136001586914	0.0054516037926078	-0.011835218407214
49.152000427246	0.0052064922638237	-0.012007227167487
49.167999267578	0.0049536675214767	-0.012173107825220
49.183998107910	0.0046933111734688	-0.012332478538156
49.200000762939	0.0044256616383791	-0.012484950013459
49.215999603271	0.0041509652510285	-0.012630147859454
49.231998443604	0.0038694667164236	-0.012767719104886
49.248001098633	0.0035814787261188	-0.012897301465273
49.263999938965	0.0032872736919671	-0.013018568046391
49.279998779297	0.0029871894512326	-0.013131188228726
49.296001434326	0.0026815475430340	-0.013234857469797
49.312000274658	0.0023707360960543	-0.013329274952412
49.327999114990	0.0020551094785333	-0.013414169661701
49.344001770020	0.0017350381240249	-0.013489285483956
49.360000610352	0.0014109449693933	-0.013554379343987
49.375999450684	0.0010832416592166	-0.013609230518341
49.391998291016	0.00075235206168145	-0.013653641566634
49.408000946045	0.00041871191933751	-0.013687432743609
49.423999786377	8.2767175626941e-05	-0.013710447587073
49.439998626709	-0.00025500083575025	-0.013722551986575
49.456001281738	-0.00059414206771180	-0.013723634183407
49.472000122070	-0.00093419989570975	-0.013713605701923
49.487998962402	-0.0012746730353683	-0.013692401349545
49.504001617432	-0.0016150826122612	-0.013659982942045
49.520000457764	-0.0019549468997866	-0.013616337440908
49.535999298096	-0.0022937832400203	-0.013561468571424
49.551998138428	-0.0026311089750379	-0.013495412655175
49.568000793457	-0.0029664302710444	-0.013418228365481
49.583999633789	-0.0032992567867041	-0.013330005109310
49.599998474121	-0.0036291151773185	-0.013230846263468
49.616001129150	-0.0039555635303259	-0.013120880350471
49.631999969482	-0.0042780921794474	-0.013000275939703
49.647998809814	-0.0045962613075972	-0.012869207188487
49.664001464844	-0.0049096187576652	-0.012727884575725
49.680000305176	-0.0052177472971380	-0.012576526030898
49.695999145508	-0.0055201938375831	-0.012415394186974
49.712001800537	-0.0058165444061160	-0.012244760990143
49.728000640869	-0.0061064246110618	-0.012064913287759
49.743999481201	-0.0063894293271005	-0.011876175180078
49.759998321533	-0.0066652190871537	-0.011678868904710
49.776000976562	-0.0069334362633526	-0.011473351158202
49.791999816895	-0.0071937479078770	-0.011259995400906
49.807998657227	-0.0074458396993577	-0.011039195582271
49.824001312256	-0.0076894429512322	-0.010811340063810
49.840000152588	-0.0079242903739214	-0.010576848872006
49.855998992920	-0.0081501370295882	-0.010336153209209
49.872001647949	-0.0083667570725083	-0.010089701041579
49.888000488281	-0.0085739772766829	-0.0098379310220480
49.903999328613	-0.0087716206908226	-0.0095813060179353
49.919998168945	-0.0089595383033156	-0.0093203019350767
49.936000823975	-0.0091376192867756	-0.0090553890913725
49.951999664307	-0.0093057770282030	-0.0087870405986905
49.967998504639	-0.0094639388844371	-0.0085157472640276
49.984001159668	-0.0096120741218328	-0.0082419868558645
50.000000000000	-0.0097501752898097	-0.0079662417992949
