34.000000000000	0.0078099267557263	0.010605858638883
34.015998840332	0.0079535935074091	0.010662303306162
34.032001495361	0.0081062018871307	0.010716189630330
34.048000335693	0.0082676066085696	0.010766932740808
34.063999176025	0.0084376269951463	0.010813954286277
34.080001831055	0.0086160479113460	0.010856698267162
34.096000671387	0.0088026216253638	0.010894619859755
34.111999511719	0.0089970668777823	0.010927194729447
34.127998352051	0.0091990772634745	0.010953916236758
34.144001007080	0.0094083128497005	0.010974306613207
34.159999847412	0.0096244113519788	0.010987904854119
34.175998687744	0.0098469797521830	0.010994278825819
34.192001342773	0.010075606405735	0.010993020609021
34.208000183105	0.010309855453670	0.010983751155436
34.223999023438	0.010549269616604	0.010966119356453
34.240001678467	0.010793374851346	0.010939805768430
34.256000518799	0.011041682213545	0.010904516093433
34.271999359131	0.011293684132397	0.010859995149076
34.287998199463	0.011548865586519	0.010806011967361
34.304000854492	0.011806695722044	0.010742373764515
34.319999694824	0.012066641822457	0.010668919421732
34.335998535156	0.012328159995377	0.010585516691208
34.352001190186	0.012590701691806	0.010492071509361
34.368000030518	0.012853719294071	0.010388522408903
34.383998870850	0.013116661459208	0.010274838656187
34.400001525879	0.013378981500864	0.010151023976505
34.416000366211	0.013640135526657	0.010017115622759
34.431999206543	0.013899583369493	0.0098731797188520
34.448001861572	0.014156794175506	0.0097193196415901
34.464000701904	0.014411246404052	0.0095556629821658
34.479999542236	0.014662428759038	0.0093823755159974
34.495998382568	0.014909840188920	0.0091996444389224
34.512001037598	0.015153001062572	0.0090076904743910
34.527999877930	0.015391442924738	0.0088067585602403
34.543998718262	0.015624716877937	0.0085971225053072
34.560001373291	0.015852387994528	0.0083790794014931
34.576000213623	0.016074048355222	0.0081529524177313
34.591999053955	0.016289312392473	0.0079190824180841
34.608001708984	0.016497809439898	0.0076778354123235
34.624000549316	0.016699202358723	0.0074295960366726
34.639999389648	0.016893170773983	0.0071747638285160
34.655998229980	0.017079425975680	0.0069137592799962
34.672000885010	0.017257705330849	0.0066470126621425
34.687999725342	0.017427770420909	0.0063749710097909
34.703998565674	0.017589418217540	0.0060980897396803
34.720001220703	0.017742464318871	0.0058168331161141
34.736000061035	0.017886761575937	0.0055316779762506
34.751998901367	0.018022188916802	0.0052431011572480
34.768001556396	0.018148655071855	0.0049515869468451
34.784000396729	0.018266096711159	0.0046576205641031
34.799999237061	0.018374484032393	0.0043616872280836
34.816001892090	0.018473815172911	0.0040642726235092
34.832000732422	0.018564114347100	0.0037658582441509
34.847999572754	0.018645439296961	0.0034669199958444
34.863998413086	0.018717875704169	0.0031679298263043
34.880001068115	0.018781531602144	0.0028693478088826
34.895999908447	0.018836550414562	0.0025716270320117
34.911998748779	0.018883097916842	0.0022752089425921
34.928001403809	0.018921364098787	0.0019805205520242
34.944000244141	0.018951566889882	0.0016879756003618
34.959999084473	0.018973950296640	0.0013979718787596
34.976001739502	0.018988773226738	0.0011108893668279
34.992000579834	0.018996324390173	0.00082709017442539
35.007999420166	0.018996911123395	0.00054691632976755
35.023998260498	0.018990855664015	0.00027068890631199
35.040000915527	0.018978506326675	-1.2926917634104e-06
35.055999755859	0.018960222601891	-0.00026875222101808
35.071998596191	0.018936375156045	-0.00053143728291616
35.088001251221	0.018907358869910	-0.00078912003664300
35.104000091553	0.018873572349548	-0.0010415982687846
35.119998931885	0.018835429102182	-0.0012886954937130
35.136001586914	0.018793351948261	-0.0015302619431168
35.152000427246	0.018747771158814	-0.0017661752644926
35.167999267578	0.018699117004871	-0.0019963399972767
35.183998107910	0.018647832795978	-0.0022206874564290
35.200000762939	0.018594358116388	-0.0024391813203692
35.215999603271	0.018539134413004	-0.0026518148370087
35.231998443604	0.018482606858015	-0.0028585870750248
35.248001098633	0.018425213173032	-0.0030595532152802
35.263999938965	0.018367396667600	-0.0032547756563872
35.279998779297	0.018309578299522	-0.0034443680197001
35.296001434326	0.018252184614539	-0.0036284485831857
35.312000274658	0.018195629119873	-0.0038071696180850
35.327999114990	0.018140317872167	-0.0039807092398405
35.344001770020	0.018086643889546	-0.0041492702439427
35.360000610352	0.018034987151623	-0.0043130805715919
35.375999450684	0.017985712736845	-0.0044723926112056
35.391998291016	0.017939165234566	-0.0046274778433144
35.408000946045	0.017895683646202	-0.0047786356881261
35.423999786377	0.017855577170849	-0.0049261804670095
35.439998626709	0.017819143831730	-0.0050704516470432
35.456001281738	0.017786651849747	-0.0052118008024991
35.472000122070	0.017758356407285	-0.0053506032563746
35.487998962402	0.017734486609697	-0.0054872473701835
35.504001617432	0.017715249210596	-0.0056221354752779
35.520000457764	0.017700821161270	-0.0057556848041713
35.535999298096	0.017691360786557	-0.0058883251622319
35.551998138428	0.017687000334263	-0.0060204961337149
35.568000793457	0.017687844112515	-0.0061526456847787
35.583999633789	0.017693966627121	-0.0062852310948074
35.599998474121	0.017705416306853	-0.0064187147654593
35.616001129150	0.017722221091390	-0.0065535628236830
35.631999969482	0.017744371667504	-0.0066902460530400
35.647998809814	0.017771836370230	-0.0068292357027531
35.664001464844	0.017804553732276	-0.0069710058160126
35.680000305176	0.017842434346676	-0.0071160229854286
35.695999145508	0.017885360866785	-0.0072647565975785
35.712001800537	0.017933188006282	-0.0074176671914756
35.728000640869	0.017985744401813	-0.0075752115808427
35.743999481201	0.018042834475636	-0.0077378386631608
35.759998321533	0.018104225397110	-0.0079059870913625
35.776000976562	0.018169671297073	-0.0080800838768482
35.791999816895	0.018238890916109	-0.0082605471834540
35.807998657227	0.018311586230993	-0.0084477812051773
35.824001312256	0.018387427553535	-0.0086421715095639
35.840000152588	0.018466068431735	-0.0088440896943212
35.855998992920	0.018547134473920	-0.0090538952499628
35.872001647949	0.018630232661963	-0.0092719206586480
35.888000488281	0.018714953213930	-0.0094984844326973
35.903999328613	0.018800860270858	-0.0097338827326894
35.919998168945	0.018887501209974	-0.0099783902987838
35.936000823975	0.018974410369992	-0.010232258588076
35.951999664307	0.019061103463173	-0.010495716705918
35.967998504639	0.019147081300616	-0.010768968611956
35.984001159668	0.019231827929616	-0.011052193120122
36.000000000000	0.019314829260111	-0.011345542035997
36.015998840332	0.019395537674427	-0.011649145744741
36.032001495361	0.019473418593407	-0.011963100172579
36.048000335693	0.019547918811440	-0.012287481687963
36.063999176025	0.019618473947048	-0.012622334063053
36.080001831055	0.019684528931975	-0.012967674992979
36.096000671387	0.019745511934161	-0.013323490507901
36.111999511719	0.019800856709480	-0.013689743354917
36.127998352051	0.019849991425872	-0.014066365547478
36.144001007080	0.019892346113920	-0.014453260228038
36.159999847412	0.019927358254790	-0.014850302599370
36.175998687744	0.019954463467002	-0.015257338993251
36.192001342773	0.019973102957010	-0.015674192458391
36.208000183105	0.019982727244496	-0.016100648790598
36.223999023438	0.019982788711786	-0.016536476090550
36.240001678467	0.019972758367658	-0.016981411725283
36.256000518799	0.019952112808824	-0.017435166984797
36.271999359131	0.019920334219933	-0.017897425219417
36.287998199463	0.019876932725310	-0.018367847427726
36.304000854492	0.019821414723992	-0.018846074119210
36.319999694824	0.019753318279982	-0.019331714138389
36.335998535156	0.019672188907862	-0.019824355840683
36.352001190186	0.019577594473958	-0.020323572680354
36.368000030518	0.019469112157822	-0.020828908309340
36.383998870850	0.019346348941326	-0.021339891478419
36.400001525879	0.019208932295442	-0.021856032311916
36.416000366211	0.019056506454945	-0.022376816719770
36.431999206543	0.018888734281063	-0.022901721298695
36.448001861572	0.018705310299993	-0.023430204018950
36.464000701904	0.018505947664380	-0.023961711674929
36.479999542236	0.018290385603905	-0.024495672434568
36.495998382568	0.018058389425278	-0.025031503289938
36.512001037598	0.017809741199017	-0.025568611919880
36.527999877930	0.017544260248542	-0.026106402277946
36.543998718262	0.017261780798435	-0.026644259691238
36.560001373291	0.016962172463536	-0.027181569486856
36.576000213623	0.016645330935717	-0.027717705816031
36.591999053955	0.016311166808009	-0.028252044692636
36.608001708984	0.015959627926350	-0.028783954679966
36.624000549316	0.015590689145029	-0.029312806203961
36.639999389648	0.015204347670078	-0.029837958514690
36.655998229980	0.014800628647208	-0.030358789488673
36.672000885010	0.014379580505192	-0.030874663963914
36.687999725342	0.013941284269094	-0.031384956091642
36.703998565674	0.013485834002495	-0.031889043748379
36.720001220703	0.013013363815844	-0.032386302947998
36.736000061035	0.012524032033980	-0.032876130193472
36.751998901367	0.012018007226288	-0.033357918262482
36.768001556396	0.011495492421091	-0.033831074833870
36.784000396729	0.010956710204482	-0.034295018762350
36.799999237061	0.010401910170913	-0.034749165177345
36.816001892090	0.0098313605412841	-0.035192962735891
36.832000732422	0.0092453435063362	-0.035625856369734
36.847999572754	0.0086441831663251	-0.036047309637070
36.863998413086	0.0080282017588615	-0.036456800997257
36.880001068115	0.0073977438732982	-0.036853831261396
36.895999908447	0.0067531843669713	-0.037237893790007
36.911998748779	0.0060948985628784	-0.037608530372381
36.928001403809	0.0054232953116298	-0.037965267896652
36.944000244141	0.0047387829981744	-0.038307681679726
36.959999084473	0.0040417942218482	-0.038635339587927
36.976001739502	0.0033327704295516	-0.038947843015194
36.992000579834	0.0026121728587896	-0.039244804531336
37.007999420166	0.0018804540159181	-0.039525866508484
37.023998260498	0.0011380980722606	-0.039790678769350
37.040000915527	0.00038559301174246	-0.040038913488388
37.055999755859	-0.00037656622589566	-0.040270268917084
37.071998596191	-0.0011478841770440	-0.040484454482794
37.088001251221	-0.0019278510008007	-0.040681216865778
37.104000091553	-0.0027159575838596	-0.040860299021006
37.119998931885	-0.0035116686485708	-0.041021477431059
37.136001586914	-0.0043144859373569	-0.041164558380842
37.152000427246	-0.0051238797605038	-0.041289344429970
37.167999267578	-0.0059393187984824	-0.041395679116249
37.183998107910	-0.0067602852359414	-0.041483409702778
37.200000762939	-0.0075862491503358	-0.041552416980267
37.215999603271	-0.0084166834130883	-0.041602589190006
37.231998443604	-0.0092510795220733	-0.041633836925030
37.248001098633	-0.010088911280036	-0.041646089404821
37.263999938965	-0.010929651558399	-0.041639298200607
37.279998779297	-0.011772802099586	-0.041613422334194
37.296001434326	-0.012617857195437	-0.041568446904421
37.312000274658	-0.013464316725731	-0.041504360735416
37.327999114990	-0.014311674982309	-0.041421182453632
37.344001770020	-0.015159448608756	-0.041318941861391
37.360000610352	-0.016007166355848	-0.041197672486305
37.375999450684	-0.016854336485267	-0.041057441383600
37.391998291016	-0.017700513824821	-0.040898296982050
37.408000946045	-0.018545219674706	-0.040720343589783
37.423999786377	-0.019388031214476	-0.040523655712605
37.439998626709	-0.020228488370776	-0.040308352559805
37.456001281738	-0.021066172048450	-0.040074534714222
37.472000122070	-0.021900655701756	-0.039822336286306
37.487998962402	-0.022731542587280	-0.039551883935928
37.504001617432	-0.023558421060443	-0.039263311773539
37.520000457764	-0.024380913004279	-0.038956779986620
37.535999298096	-0.025198619812727	-0.038632441312075
37.551998138428	-0.026011180132627	-0.038290455937386
37.568000793457	-0.026818243786693	-0.037930987775326
37.583999633789	-0.027619455009699	-0.037554211914539
37.599998474121	-0.028414465487003	-0.037160307168961
37.616001129150	-0.029202952980995	-0.036749444901943
37.631999969482	-0.029984595254064	-0.036321818828583
37.647998809814	-0.030759070068598	-0.035877607762814
37.664001464844	-0.031526081264019	-0.035417005419731
37.680000305176	-0.032285347580910	-0.034940179437399
37.695999145508	-0.033036556094885	-0.034447349607944
37.712001800537	-0.033779442310333	-0.033938698470592
37.728000640869	-0.034513726830482	-0.033414404839277
37.743999481201	-0.035239160060883	-0.032874666154385
37.759998321533	-0.035955473780632	-0.032319672405720
37.776000976562	-0.036662414669991	-0.031749613583088
37.791999816895	-0.037359744310379	-0.031164675951004
37.807998657227	-0.038047205656767	-0.030565051361918
37.824001312256	-0.038724578917027	-0.029950913041830
37.840000152588	-0.039391633123159	-0.029322447255254
37.855998992920	-0.040048126131296	-0.028679838404059
37.872001647949	-0.040693838149309	-0.028023278340697
37.888000488281	-0.041328549385071	-0.027352925390005
37.903999328613	-0.041952043771744	-0.026668954640627
37.919998168945	-0.042564105242491	-0.025971531867981
37.936000823975	-0.043164514005184	-0.025260841473937
37.951999664307	-0.043753027915955	-0.024537080898881
37.967998504639	-0.044329464435577	-0.023800369352102
37.984001159668	-0.044893600046635	-0.023050880059600
38.000000000000	-0.045445218682289	-0.022288788110018
38.015998840332	-0.045984081923962	-0.021514277905226
38.032001495361	-0.046509992331266	-0.020727472379804
38.048000335693	-0.047022718936205	-0.019928570836782
38.063999176025	-0.047522041946650	-0.019117703661323
38.080001831055	-0.048007722944021	-0.018295068293810
38.096000671387	-0.048479542136192	-0.017460815608501
38.111999511719	-0.048937276005745	-0.016615074127913
38.127998352051	-0.049380671232939	-0.015758065506816
38.144001007080	-0.049809496849775	-0.014889924786985
38.159999847412	-0.050223514437675	-0.014010818675160
38.175998687744	-0.050622463226318	-0.013120946474373
38.192001342773	-0.051006097346544	-0.012220479547977
38.208000183105	-0.051374163478613	-0.011309594847262
38.223999023438	-0.051726397126913	-0.010388466529548
38.240001678467	-0.052062537521124	-0.0094573171809316
38.256000518799	-0.052382320165634	-0.0085163088515401
38.271999359131	-0.052685458213091	-0.0075656971894205
38.287998199463	-0.052971687167883	-0.0066056330688298
38.304000854492	-0.053240723907948	-0.0056363982148468
38.319999694824	-0.053492281585932	-0.0046581807546318
38.335998535156	-0.053726080805063	-0.0036712142173201
38.352001190186	-0.053941823542118	-0.0026757658924907
38.368000030518	-0.054139222949743	-0.0016720863059163
38.383998870850	-0.054317977279425	-0.00066044717095792
38.400001525879	-0.054477799683809	0.00035890869912691
38.416000366211	-0.054618380963802	0.0013856382574886
38.431999206543	-0.054739426821470	0.0024194789584726
38.448001861572	-0.054840635508299	0.0034600794315338
38.464000701904	-0.054921712726355	0.0045071556232870
38.479999542236	-0.054982356727123	0.0055603343062103
38.495998382568	-0.055022269487381	0.0066192555241287
38.512001037598	-0.055041149258614	0.0076836403459311
38.527999877930	-0.055038716644049	0.0087529756128788
38.543998718262	-0.055014666169882	0.0098269674926996
38.560001373291	-0.054968729615211	0.010905143804848
38.576000213623	-0.054900623857975	0.011987071484327
38.591999053955	-0.054810058325529	0.013072404079139
38.608001708984	-0.054696783423424	0.014160566963255
38.624000549316	-0.054560534656048	0.015251126140356
38.639999389648	-0.054401051253080	0.016343630850315
38.655998229980	-0.054218098521233	0.017437558621168
38.672000885010	-0.054011441767216	0.018532367423177
38.687999725342	-0.053780846297741	0.019627559930086
38.703998565674	-0.053526129573584	0.020722532644868
38.720001220703	-0.053247056901455	0.021816797554493
38.736000061035	-0.052943471819162	0.022909712046385
38.751998901367	-0.052615195512772	0.024000706151128
38.768001556396	-0.052262071520090	0.025089161470532
38.784000396729	-0.051883950829506	0.026174506172538
38.799999237061	-0.051480706781149	0.027256079018116
38.816001892090	-0.051052272319794	0.028333183377981
38.832000732422	-0.050598520785570	0.029405228793621
38.847999572754	-0.050119385123253	0.030471544712782
38.863998413086	-0.049614846706390	0.031531400978565
38.880001068115	-0.049084845930338	0.032584168016911
38.895999908447	-0.048529397696257	0.033629104495049
38.911998748779	-0.047948516905308	0.034665506333113
38.928001403809	-0.047342229634523	0.035692684352398
38.944000244141	-0.046710629016161	0.036709856241941
38.959999084473	-0.046053752303123	0.037716381251812
38.976001739502	-0.045371782034636	0.038711436092854
38.992000579834	-0.044664774090052	0.039694365113974
39.007999420166	-0.043932955712080	0.040664359927177
39.023998260498	-0.043176479637623	0.041620705276728
39.040000915527	-0.042395532131195	0.042562697082758
39.055999755859	-0.041590433567762	0.043489508330822
39.071998596191	-0.040761411190033	0.044400438666344
39.088001251221	-0.039908763021231	0.045294739305973
39.104000091553	-0.039032772183418	0.046171706169844
39.119998931885	-0.038133852183819	0.047030556946993
39.136001586914	-0.037212327122688	0.047870602458715
39.152000427246	-0.036268658936024	0.048691079020500
39.167999267578	-0.035303223878145	0.049491316080093
39.183998107910	-0.034316517412663	0.050270579755306
39.200000762939	-0.033309016376734	0.051028195768595
39.215999603271	-0.032281216233969	0.051763486117125
39.231998443604	-0.031233692541718	0.052475761622190
39.248001098633	-0.030166996642947	0.053164377808571
39.263999938965	-0.029081702232361	0.053828708827496
39.279998779297	-0.027978457510471	0.054468110203743
39.296001434326	-0.026857888326049	0.055081993341446
39.312000274658	-0.025720667093992	0.055669765919447
39.327999114990	-0.024567484855652	0.056230861693621
39.344001770020	-0.023399060592055	0.056764725595713
39.360000610352	-0.022216159850359	0.057270832359791
39.375999450684	-0.021019462496042	0.057748712599277
39.391998291016	-0.019809827208519	0.058197859674692
39.408000946045	-0.018588084727526	0.058617807924747
39.423999786377	-0.017354935407639	0.059008169919252
39.439998626709	-0.016111273318529	0.059368539601564
39.456001281738	-0.014857972040772	0.059698525816202
39.472000122070	-0.013595899567008	0.059997797012329
39.487998962402	-0.012325964868069	0.060266025364399
39.504001617432	-0.011048970744014	0.060502961277962
39.520000457764	-0.0097659407183528	0.060708314180374
39.535999298096	-0.0084777269512415	0.060881890356541
39.551998138428	-0.0071853147819638	0.061023484915495
39.568000793457	-0.0058895768597722	0.061132952570915
39.583999633789	-0.0045915395021439	0.061210159212351
39.599998474121	-0.0032921468373388	0.061255011707544
39.616001129150	-0.0019922896753997	0.061267465353012
39.631999969482	-0.00069300690665841	0.061247482895851
39.647998809814	0.00060474860947579	0.061195086687803
39.664001464844	0.0019000236643478	0.061110313981771
39.680000305176	0.0031918368767947	0.060993243008852
39.695999145508	0.0044792392291129	0.060843989253044
39.712001800537	0.0057612271048129	0.060662709176540
39.728000640869	0.0070369178429246	0.060449570417404
39.743999481201	0.0083052925765514	0.060204792767763
39.759998321533	0.0095654251053929	0.059928636997938
39.776000976562	0.010816400870681	0.059621375054121
39.791999816895	0.012057284824550	0.059283323585987
39.807998657227	0.013287129811943	0.058914843946695
39.824001312256	0.014505055733025	0.058516316115856
39.840000152588	0.015710227191448	0.058088134974241
39.855998992920	0.016901735216379	0.057630758732557
39.872001647949	0.018078699707985	0.057144671678543
39.888000488281	0.019240306690335	0.056630373001099
39.903999328613	0.020385760813951	0.056088384240866
39.919998168945	0.021514212712646	0.055519301444292
39.936000823975	0.022624963894486	0.054923675954342
39.951999664307	0.023717209696770	0.054302148520947
39.967998504639	0.024790219962597	0.053655367344618
39.984001159668	0.025843344628811	0.052983973175287
40.000000000000	0.026875879615545	0.052288673818111
40.015998840332	0.027887148782611	0.051570188254118
40.032001495361	0.028876531869173	0.050829254090786
40.048000335693	0.029843486845493	0.050066601485014
40.063999176025	0.030787423253059	0.049283016473055
40.080001831055	0.031707759946585	0.048479314893484
40.096000671387	0.032604064792395	0.047656260430813
40.111999511719	0.033475846052170	0.046814691275358
40.127998352051	0.034322600811720	0.045955490320921
40.144001007080	0.035144023597240	0.045079421252012
40.159999847412	0.035939663648605	0.044187407940626
40.175998687744	0.036709193140268	0.043280299752951
40.192001342773	0.037452273070812	0.042359013110399
40.208000183105	0.038168687373400	0.041424371302128
40.223999023438	0.038858197629452	0.040477260947227
40.240001678467	0.039520498365164	0.039518661797047
40.256000518799	0.040155515074730	0.038549382239580
40.271999359131	0.040763050317764	0.037570368498564
40.287998199463	0.041343007236719	0.036582514643669
40.304000854492	0.041895326226950	0.035586688667536
40.319999694824	0.042419940233231	0.034583829343319
40.335998535156	0.042916856706142	0.033574793487787
40.352001190186	0.043386086821556	0.032560486346483
40.368000030518	0.043827716261148	0.031541753560305
40.383998870850	0.044241774827242	0.030519522726536
40.400001525879	0.044628426432610	0.029494607821107
40.416000366211	0.044987823814154	0.028467852622271
40.431999206543	0.045320115983486	0.027440126985312
40.448001861572	0.045625537633896	0.026412231847644
40.464000701904	0.045904293656349	0.025385012850165
40.479999542236	0.046156689524651	0.024359216913581
40.495998382568	0.046382989734411	0.023335659876466
40.512001037598	0.046583514660597	0.022315097972751
40.527999877930	0.046758621931076	0.021298242732882
40.543998718262	0.046908676624298	0.020285839214921
40.560001373291	0.047034054994583	0.019278608262539
40.576000213623	0.047135189175606	0.018277205526829
40.591999053955	0.047212507575750	0.017282284796238
40.608001708984	0.047266457229853	0.016294529661536
40.624000549316	0.047297526150942	0.015314503572881
40.639999389648	0.047306194901466	0.014342822134495
40.655998229980	0.047292981296778	0.013380051590502
40.672000885010	0.047258414328098	0.012426706962287
40.687999725342	0.047203019261360	0.011483355425298
40.703998565674	0.047127358615398	0.010550418868661
40.720001220703	0.047031991183758	0.0096284123137593
40.736000061035	0.046917501837015	0.0087177567183971
40.751998901367	0.046784471720457	0.0078188451007009
40.768001556396	0.046633481979370	0.0069320946931839
40.784000396729	0.046465154737234	0.0060578263364732
40.799999237061	0.046280082315207	0.0051963832229376
40.816001892090	0.046078883111477	0.0043480824679136
40.832000732422	0.045862160623074	0.0035131708718836
40.847999572754	0.045630544424057	0.0026918950024992
40.863998413086	0.045384649187326	0.0018844978185371
40.880001068115	0.045125089585781	0.0010911758290604
40.895999908447	0.044852484017611	0.00031205973937176
40.911998748779	0.044567443430424	-0.00045267844689079
40.928001403809	0.044270582497120	-0.0012029323261231
40.944000244141	0.043962504714727	-0.0019386382773519
40.959999084473	0.043643813580275	-0.0026596700772643
40.976001739502	0.043315097689629	-0.0033660277258605
40.992000579834	0.042976945638657	-0.0040576886385679
41.007999420166	0.042629934847355	-0.0047346497885883
41.023998260498	0.042274631559849	-0.0053969277068973
41.040000915527	0.041911590844393	-0.0060446169227362
41.055999755859	0.041541364043951	-0.0066777486354113
41.071998596191	0.041164476424456	-0.0072964290156960
41.088001251221	0.040781456977129	-0.0079007605090737
41.104000091553	0.040392801165581	-0.0084908800199628
41.119998931885	0.039999008178711	-0.0090669365599751
41.136001586914	0.039600554853678	-0.0096290744841099
41.152000427246	0.039197906851768	-0.010177486576140
41.167999267578	0.038791503757238	-0.010712375864387
41.183998107910	0.038381788879633	-0.011233899742365
41.200000762939	0.037969145923853	-0.011742372065783
41.215999603271	0.037553995847702	-0.012237949296832
41.231998443604	0.037136696279049	-0.012720938771963
41.248001098633	0.036717616021633	-0.013191545382142
41.263999938965	0.036297101527452	-0.013650055043399
41.279998779297	0.035875469446182	-0.014096717350185
41.296001434326	0.035453014075756	-0.014531852677464
41.312000274658	0.035030022263527	-0.014955755323172
41.327999114990	0.034606773406267	-0.015368663705885
41.344001770020	0.034183498471975	-0.015770921483636
41.360000610352	0.033760432153940	-0.016162818297744
41.375999450684	0.033337783068419	-0.016544662415981
41.391998291016	0.032915741205215	-0.016916736960411
41.408000946045	0.032494492828846	-0.017279347404838
41.423999786377	0.032074168324471	-0.017632838338614
41.439998626709	0.031654909253120	-0.017977500334382
41.456001281738	0.031236844137311	-0.018313620239496
41.472000122070	0.030820075422525	-0.018641496077180
41.487998962402	0.030404696241021	-0.018961420282722
41.504001617432	0.029990745708346	-0.019273720681667
41.520000457764	0.029578298330307	-0.019578654319048
41.535999298096	0.029167400673032	-0.019876496866345
41.551998138428	0.028758050873876	-0.020167542621493
41.568000793457	0.028350263834000	-0.020452061668038
41.583999633789	0.027944054454565	-0.020730283111334
41.599998474121	0.027539376169443	-0.021002490073442
41.616001129150	0.027136214077473	-0.021268907934427
41.631999969482	0.026734530925751	-0.021529762074351
41.647998809814	0.026334257796407	-0.021785294637084
41.664001464844	0.025935344398022	-0.022035697475076
41.680000305176	0.025537714362144	-0.022281177341938
41.695999145508	0.025141276419163	-0.022521929815412
41.712001800537	0.024745929986238	-0.022758150473237
41.728000640869	0.024351609870791	-0.022989964112639
41.743999481201	0.023958191275597	-0.023217543959618
41.759998321533	0.023565547540784	-0.023441057652235
41.776000976562	0.023173587396741	-0.023660605773330
41.791999816895	0.022782161831856	-0.023876322433352
41.807998657227	0.022391188889742	-0.024088287726045
41.824001312256	0.022000512108207	-0.024296617135406
41.840000152588	0.021609995514154	-0.024501387029886
41.855998992920	0.021219516173005	-0.024702670052648
41.872001647949	0.020828953012824	-0.024900499731302
41.888000488281	0.020438145846128	-0.025094954296947
41.903999328613	0.020046990364790	-0.025286033749580
41.919998168945	0.019655346870422	-0.025473769754171
41.936000823975	0.019263075664639	-0.025658177211881
41.951999664307	0.018870076164603	-0.025839228183031
41.967998504639	0.018476193770766	-0.026016939431429
41.984001159668	0.018081322312355	-0.026191264390945
42.000000000000	0.017685364931822	-0.026362171396613
42.015998840332	0.017288204282522	-0.026529610157013
42.032001495361	0.016889696940780	-0.026693547144532
42.048000335693	0.016489811241627	-0.026853887364268
42.063999176025	0.016088413074613	-0.027010573074222
42.080001831055	0.015685413032770	-0.027163531631231
42.096000671387	0.015280763618648	-0.027312653139234
42.111999511719	0.014874367974699	-0.027457859367132
42.127998352051	0.014466189779341	-0.027599032968283
42.144001007080	0.014056139625609	-0.027736086398363
42.159999847412	0.013644216582179	-0.027868876233697
42.175998687744	0.013230366632342	-0.027997300028801
42.192001342773	0.012814551591873	-0.028121234849095
42.208000183105	0.012396765872836	-0.028240550309420
42.223999023438	0.011977009475231	-0.028355108574033
42.240001678467	0.011555261909962	-0.028464792296290
42.256000518799	0.011131564155221	-0.028569448739290
42.271999359131	0.010705919936299	-0.028668951243162
42.287998199463	0.010278356261551	-0.028763161972165
42.304000854492	0.0098489327356219	-0.028851939365268
42.319999694824	0.0094176745042205	-0.028935151174664
42.335998535156	0.0089846532791853	-0.029012661427259
42.352001190186	0.0085499491542578	-0.029084328562021
42.368000030518	0.0081136338412762	-0.029150022193789
42.383998870850	0.0076758004724979	-0.029209613800049
42.400001525879	0.0072365468367934	-0.029262974858284
42.416000366211	0.0067959511652589	-0.029309988021851
42.431999206543	0.0063541647978127	-0.029350526630878
42.448001861572	0.0059112915769219	-0.029384480789304
42.464000701904	0.0054674665443599	-0.029411738738418
42.479999542236	0.0050228191539645	-0.029432201758027
42.495998382568	0.0045775091275573	-0.029445763677359
42.512001037598	0.0041316612623632	-0.029452340677381
42.527999877930	0.0036854736972600	-0.029451841488481
42.543998718262	0.0032390793785453	-0.029444197192788
42.560001373291	0.0027926568873227	-0.029429331421852
42.576000213623	0.0023463747929782	-0.029407180845737
42.591999053955	0.0019004192436114	-0.029377695173025
42.608001708984	0.0014549783663824	-0.029340822249651
42.624000549316	0.0010102300439030	-0.029296528548002
42.639999389648	0.00056638132082298	-0.029244784265757
42.655998229980	0.00012359957327135	-0.029185568913817
42.672000885010	-0.00031791857327335	-0.029118865728378
42.687999725342	-0.00075794779695570	-0.029044678434730
42.703998565674	-0.0011963042197749	-0.028963012620807
42.720001220703	-0.0016328030033037	-0.028873875737190
42.736000061035	-0.0020672329701483	-0.028777301311493
42.751998901367	-0.0024994099512696	-0.028673313558102
42.768001556396	-0.0029291112441570	-0.028561964631081
42.784000396729	-0.0033561554737389	-0.028443297371268
42.799999237061	-0.0037803500890732	-0.028317375108600
42.816001892090	-0.0042015044018626	-0.028184263035655
42.832000732422	-0.0046194177120924	-0.028044044971466
42.847999572754	-0.0050339316949248	-0.027896795421839
42.863998413086	-0.0054448116570711	-0.027742618694901
42.880001068115	-0.0058519341982901	-0.027581609785557
42.895999908447	-0.0062550986185670	-0.027413878589869
42.911998748779	-0.0066541358828545	-0.027239542454481
42.928001403809	-0.0070488825440407	-0.027058724313974
42.944000244141	-0.0074391537345946	-0.026871560141444
42.959999084473	-0.0078248716890812	-0.026678171008825
42.976001739502	-0.0082058394327760	-0.026478709653020
42.992000579834	-0.0085819112136960	-0.026273326948285
43.007999420166	-0.0089530022814870	-0.026062158867717
43.023998260498	-0.0093189077451825	-0.025845393538475
43.040000915527	-0.0096795773133636	-0.025623166933656
43.055999755859	-0.010034846141934	-0.025395672768354
43.071998596191	-0.010384676046669	-0.025163048878312
43.088001251221	-0.010728937573731	-0.024925487115979
43.104000091553	-0.011067534796894	-0.024683168157935
43.119998931885	-0.011400399729609	-0.024436263367534
43.136001586914	-0.011727474629879	-0.024184949696064
43.152000427246	-0.012048658914864	-0.023929426446557
43.167999267578	-0.012363950721920	-0.023669851943851
43.183998107910	-0.012673268094659	-0.023406429216266
43.200000762939	-0.012976575642824	-0.023139338940382
43.215999603271	-0.013273824937642	-0.022868776693940
43.231998443604	-0.013565062545240	-0.022594884037971
43.248001098633	-0.013850230723619	-0.022317871451378
43.263999938965	-0.014129279181361	-0.022037945687771
43.279998779297	-0.014402290806174	-0.021755233407021
43.296001434326	-0.014669249765575	-0.021469926461577
43.312000274658	-0.014930145815015	-0.021182216703892
43.327999114990	-0.015185032971203	-0.020892249420285
43.344001770020	-0.015433933585882	-0.020600199699402
43.360000610352	-0.015676854178309	-0.020306253805757
43.375999450684	-0.015913883224130	-0.020010532811284
43.391998291016	-0.016145056113601	-0.019713202491403
43.408000946045	-0.016370430588722	-0.019414411857724
43.423999786377	-0.016590047627687	-0.019114317372441
43.439998626709	-0.016803996637464	-0.018813041970134
43.456001281738	-0.017012357711792	-0.018510706722736
43.472000122070	-0.017215171828866	-0.018207473680377
43.487998962402	-0.017412576824427	-0.017903402447701
43.504001617432	-0.017604582011700	-0.017598683014512
43.520000457764	-0.017791315913200	-0.017293384298682
43.535999298096	-0.017972888424993	-0.016987582668662
43.551998138428	-0.018149349838495	-0.016681419685483
43.568000793457	-0.018320806324482	-0.016374966129661
43.583999633789	-0.018487377092242	-0.016068285331130
43.599998474121	-0.018649138510227	-0.015761470422149
43.616001129150	-0.018806206062436	-0.015454575419426
43.631999969482	-0.018958654254675	-0.015147684141994
43.647998809814	-0.019106609746814	-0.014840819872916
43.664001464844	-0.019250148907304	-0.014534057117999
43.680000305176	-0.019389377906919	-0.014227430336177
43.695999145508	-0.019524410367012	-0.013920946978033
43.712001800537	-0.019655320793390	-0.013614667579532
43.728000640869	-0.019782217219472	-0.013308593071997
43.743999481201	-0.019905170425773	-0.013002770952880
43.759998321533	-0.020024292171001	-0.012697176076472
43.776000976562	-0.020139658823609	-0.012391830794513
43.791999816895	-0.020251365378499	-0.012086715549231
43.807998657227	-0.020359497517347	-0.011781808920205
43.824001312256	-0.020464088767767	-0.011477178893983
43.840000152588	-0.020565271377563	-0.011172698810697
43.855998992920	-0.020663078874350	-0.010868411511183
43.872001647949	-0.020757559686899	-0.010564318858087
43.888000488281	-0.020848810672760	-0.010260321199894
43.903999328613	-0.020936861634254	-0.0099564325064421
43.919998168945	-0.021021768450737	-0.0096526080742478
43.936000823975	-0.021103575825691	-0.0093487976118922
43.951999664307	-0.021182321012020	-0.0090449713170528
43.967998504639	-0.021258037537336	-0.0087410723790526
43.984001159668	-0.021330751478672	-0.0084370691329241
44.000000000000	-0.021400487050414	-0.0081329029053450
44.015998840332	-0.021467240527272	-0.0078285774216056
44.032001495361	-0.021531054750085	-0.0075239506550133
44.048000335693	-0.021591909229755	-0.0072190468199551
44.063999176025	-0.021649813279510	-0.0069137834943831
44.080001831055	-0.021704750135541	-0.0066081406548619
44.096000671387	-0.021756708621979	-0.0063020596280694
44.111999511719	-0.021805673837662	-0.0059954780153930
44.127998352051	-0.021851621568203	-0.0056883576326072
44.144001007080	-0.021894510835409	-0.0053807022050023
44.159999847412	-0.021934315562248	-0.0050724111497402
44.175998687744	-0.021970992907882	-0.0047634690999985
44.192001342773	-0.022004503756762	-0.0044538220390677
44.208000183105	-0.022034781053662	-0.0041434774175286
44.223999023438	-0.022061783820391	-0.0038323844783008
44.240001678467	-0.022085445001721	-0.0035205143503845
44.256000518799	-0.022105699405074	-0.0032078830990940
44.271999359131	-0.022122479975224	-0.0028944460209459
44.287998199463	-0.022135721519589	-0.0025801823940128
44.304000854492	-0.022145342081785	-0.0022650954779238
44.319999694824	-0.022151267156005	-0.0019492132123560
44.335998535156	-0.022153414785862	-0.0016325238393620
44.352001190186	-0.022151701152325	-0.0013149983715266
44.368000030518	-0.022146046161652	-0.00099669629707932
44.383998870850	-0.022136356681585	-0.00067761674290523
44.400001525879	-0.022122547030449	-0.00035782664781436
44.416000366211	-0.022104525938630	-3.7290945329005e-05
44.431999206543	-0.022082205861807	0.00028387352358550
44.448001861572	-0.022055493667722	0.00060565146850422
44.464000701904	-0.022024299949408	0.00092804426094517
44.479999542236	-0.021988537162542	0.0012509230291471
44.495998382568	-0.021948115900159	0.0015742387622595
44.512001037598	-0.021902941167355	0.0018979591550305
44.527999877930	-0.021852936595678	0.0022219642996788
44.543998718262	-0.021798005327582	0.0025462131015956
44.560001373291	-0.021738082170486	0.0028705359436572
44.576000213623	-0.021673068404198	0.0031949253752828
44.591999053955	-0.021602893248200	0.0035192656796426
44.608001708984	-0.021527487784624	0.0038434183225036
44.624000549316	-0.021446771919727	0.0041673206724226
44.639999389648	-0.021360687911510	0.0044908062554896
44.655998229980	-0.021269172430038	0.0048137661069632
44.672000885010	-0.021172158420086	0.0051361075602472
44.687999725342	-0.021069606766105	0.0054576541297138
44.703998565674	-0.020961459726095	0.0057782870717347
44.720001220703	-0.020847670733929	0.0060979048721492
44.736000061035	-0.020728211849928	0.0064163026399910
44.751998901367	-0.020603040233254	0.0067333951592445
44.768001556396	-0.020472144708037	0.0070489724166691
44.784000396729	-0.020335491746664	0.0073629263788462
44.799999237061	-0.020193066447973	0.0076751019805670
44.816001892090	-0.020044876262546	0.0079853087663651
44.832000732422	-0.019890908151865	0.0082934116944671
44.847999572754	-0.019731177017093	0.0085992384701967
44.863998413086	-0.019565680995584	0.0089026493951678
44.880001068115	-0.019394455477595	0.0092034535482526
44.895999908447	-0.019217522814870	0.0095014953985810
44.911998748779	-0.019034912809730	0.0097966184839606
44.928001403809	-0.018846657127142	0.010088669136167
44.944000244141	-0.018652822822332	0.010377459228039
44.959999084473	-0.018453454598784	0.010662836022675
44.976001739502	-0.018248608335853	0.010944646783173
44.992000579834	-0.018038358539343	0.011222729459405
45.007999420166	-0.017822777852416	0.011496916413307
45.023998260498	-0.017601957544684	0.011767050251365
45.040000915527	-0.017375953495502	0.012033022008836
45.055999755859	-0.017144894227386	0.012294624932110
45.071998596191	-0.016908878460526	0.012551727704704
45.088001251221	-0.016667986288667	0.012804212979972
45.104000091553	-0.016422359272838	0.013051905669272
45.119998931885	-0.016172084957361	0.013294715434313
45.136001586914	-0.015917314216495	0.013532474637032
45.152000427246	-0.015658162534237	0.013765068724751
45.167999267578	-0.015394760295749	0.013992389664054
45.183998107910	-0.015127255581319	0.014214300550520
45.200000762939	-0.014855800196528	0.014430689625442
45.215999603271	-0.014580503106117	0.014641489833593
45.231998443604	-0.014301559887826	0.014846554957330
45.248001098633	-0.014019089750946	0.015045829117298
45.263999938965	-0.013733278959990	0.015239195898175
45.279998779297	-0.013444268144667	0.015426595695317
45.296001434326	-0.013152224943042	0.015607948414981
45.312000274658	-0.012857319787145	0.015783183276653
45.327999114990	-0.012559726834297	0.015952233225107
45.344001770020	-0.012259591370821	0.016115061938763
45.360000610352	-0.011957107111812	0.016271604225039
45.375999450684	-0.011652421206236	0.016421835869551
45.391998291016	-0.011345745995641	0.016565693542361
45.408000946045	-0.011037229560316	0.016703167930245
45.423999786377	-0.010727022774518	0.016834247857332
45.439998626709	-0.010415325872600	0.016958905383945
45.456001281738	-0.010102300904691	0.017077131196856
45.472000122070	-0.0097881313413382	0.017188919708133
45.487998962402	-0.0094729680567980	0.017294285818934
45.504001617432	-0.0091570056974888	0.017393223941326
45.520000457764	-0.0088403746485710	0.017485769465566
45.535999298096	-0.0085232546553016	0.017571935430169
45.551998138428	-0.0082058208063245	0.017651746049523
45.568000793457	-0.0078882165253162	0.017725240439177
45.583999633789	-0.0075705978088081	0.017792455852032
45.599998474121	-0.0072531350888312	0.017853431403637
45.616001129150	-0.0069359461776912	0.017908226698637
45.631999969482	-0.0066191977821290	0.017956888303161
45.647998809814	-0.0063030375167727	0.017999473959208
45.664001464844	-0.0059875729493797	0.018036056309938
45.680000305176	-0.0056729977950454	0.018066678196192
45.695999145508	-0.0053593968041241	0.018091430887580
45.712001800537	-0.0050468882545829	0.018110387027264
45.728000640869	-0.0047356197610497	0.018123613670468
45.743999481201	-0.0044256839901209	0.018131198361516
45.759998321533	-0.0041172234341502	0.018133217468858
45.776000976562	-0.0038103405386209	0.018129756674170
45.791999816895	-0.0035051011946052	0.018120910972357
45.807998657227	-0.0032016360200942	0.018106760457158
45.824001312256	-0.0029000549111515	0.018087392672896
45.840000152588	-0.0026004128158092	0.018062910065055
45.855998992920	-0.0023028119467199	0.018033396452665
45.872001647949	-0.0020073002669960	0.017998952418566
45.888000488281	-0.0017139912815765	0.017959665507078
45.903999328613	-0.0014229424996302	0.017915630713105
45.919998168945	-0.0011342088691890	0.017866943031549
45.936000823975	-0.00084787624655291	0.017813695594668
45.951999664307	-0.00056399311870337	0.017755981534719
45.967998504639	-0.00028258786187507	0.017693897709250
45.984001159668	-3.7203265037533e-06	0.017627527937293
46.000000000000	0.00027253603911959	0.017556963488460
46.015998840332	0.00054617767455056	0.017482299357653
46.032001495361	0.00081715272972360	0.017403617501259
46.048000335693	0.0010853960411623	0.017321009188890
46.063999176025	0.0013509269338101	0.017234552651644
46.080001831055	0.0016137004131451	0.017144331708550
46.096000671387	0.0018736416241154	0.017050428315997
46.111999511719	0.0021308073773980	0.016952916979790
46.127998352051	0.0023851259611547	0.016851875931025
46.144001007080	0.0026365763042122	0.016747379675508
46.159999847412	0.0028851542156190	0.016639498993754
46.175998687744	0.0031308557372540	0.016528293490410
46.192001342773	0.0033736475743353	0.016413839533925
46.208000183105	0.0036135278642178	0.016296194866300
46.223999023438	0.0038504637777805	0.016175424680114
46.240001678467	0.0040844706818461	0.016051586717367
46.256000518799	0.0043154857121408	0.015924740582705
46.271999359131	0.0045435857027769	0.015794925391674
46.287998199463	0.0047686779871583	0.015662211924791
46.304000854492	0.0049907770007849	0.015526639297605
46.319999694824	0.0052098967134953	0.015388253144920
46.335998535156	0.0054260054603219	0.015247100032866
46.352001190186	0.0056390715762973	0.015103232115507
46.368000030518	0.0058491062372923	0.014956680126488
46.383998870850	0.0060560633428395	0.014807499013841
46.400001525879	0.0062599675729871	0.014655711129308
46.416000366211	0.0064607830718160	0.014501359313726
46.431999206543	0.0066584902815521	0.014344481751323
46.448001861572	0.0068530677817762	0.014185115695000
46.464000701904	0.0070444913581014	0.014023292809725
46.479999542236	0.0072327274829149	0.013859058730304
46.495998382568	0.0074177761562169	0.013692431151867
46.512001037598	0.0075995982624590	0.013523450121284
46.527999877930	0.0077781416475773	0.013352163136005
46.543998718262	0.0079534063115716	0.013178589753807
46.560001373291	0.0081253368407488	0.013002777472138
46.576000213623	0.0082939285784960	0.012824742123485
46.591999053955	0.0084591023623943	0.012644547969103
46.608001708984	0.0086208647117019	0.012462208978832
46.624000549316	0.0087791336700320	0.012277786619961
46.639999389648	0.0089338803663850	0.012091320939362
46.655998229980	0.0090850805863738	0.011902838014066
46.672000885010	0.0092326570302248	0.011712409555912
46.687999725342	0.0093765882775187	0.011520065367222
46.703998565674	0.0095168175175786	0.011325865052640
46.720001220703	0.0096532916650176	0.011129867285490
46.736000061035	0.0097859855741262	0.010932105593383
46.751998901367	0.0099148042500019	0.010732681490481
46.768001556396	0.010039747692645	0.010531615465879
46.784000396729	0.010160733945668	0.010329001583159
46.799999237061	0.010277734138072	0.010124891996384
46.816001892090	0.010390676558018	0.0099193779751658
46.832000732422	0.010499527677894	0.0097125265747309
46.847999572754	0.010604240931571	0.0095044123008847
46.863998413086	0.010704757645726	0.0092951375991106
46.880001068115	0.010801027528942	0.0090847928076982
46.895999908447	0.010893032886088	0.0088734449818730
46.911998748779	0.010980712249875	0.0086612068116665
46.928001403809	0.011064037680626	0.0084481723606586
46.944000244141	0.011142963543534	0.0082344505935907
46.959999084473	0.011217451654375	0.0080201569944620
46.976001739502	0.011287490837276	0.0078053758479655
46.992000579834	0.011353028006852	0.0075902584940195
47.007999420166	0.011414060369134	0.0073748920112848
47.023998260498	0.011470561847091	0.0071594119071960
47.040000915527	0.011522516608238	0.0069439383223653
47.055999755859	0.011569907888770	0.0067286090925336
47.071998596191	0.011612748727202	0.0065135280601680
47.088001251221	0.011651020497084	0.0062988549470901
47.104000091553	0.011684732511640	0.0060847159475088
47.119998931885	0.011713900603354	0.0058712409809232
47.136001586914	0.011738540604711	0.0056585674174130
47.152000427246	0.011758675798774	0.0054468340240419
47.167999267578	0.011774329468608	0.0052361902780831
47.183998107910	0.011785538867116	0.0050267740152776
47.200000762939	0.011792344041169	0.0048187319189310
47.215999603271	0.011794795282185	0.0046121985651553
47.231998443604	0.011792953126132	0.0044073075987399
47.248001098633	0.011786877177656	0.0042041996493936
47.263999938965	0.011776627972722	0.0040030372329056
47.279998779297	0.011762283742428	0.0038039567880332
47.296001434326	0.011743939481676	0.0036070577334613
47.312000274658	0.011721675284207	0.0034125025849789
47.327999114990	0.011695589870214	0.0032204177696258
47.344001770020	0.011665782891214	0.0030309464782476
47.360000610352	0.011632376350462	0.0028441841714084
47.375999450684	0.011595482006669	0.0026602523867041
47.391998291016	0.011555222794414	0.0024792915210128
47.408000946045	0.011511732824147	0.0023013921454549
47.423999786377	0.011465148068964	0.0021266704425216
47.439998626709	0.011415611021221	0.0019552160520107
47.456001281738	0.011363273486495	0.0017871340969577
47.472000122070	0.011308289133012	0.0016225110739470
47.487998962402	0.011250820010900	0.0014614060055465
47.504001617432	0.011191029101610	0.0013039142359048
47.520000457764	0.011129088699818	0.0011501021217555
47.535999298096	0.011065171100199	0.0010000182082877
47.551998138428	0.010999458841980	0.00085370440501720
47.568000793457	0.010932130739093	0.00071120559005067
47.583999633789	0.010863373987377	0.00057255954016000
47.599998474121	0.010793375782669	0.00043779672705568
47.616001129150	0.010722324252129	0.00030691977008246
47.631999969482	0.010650416836143	0.00017991467029788
47.647998809814	0.010577841661870	5.6801341997925e-05
47.664001464844	0.010504795238376	-6.2437538872473e-05
47.680000305176	0.010431470349431	-0.00017785535601433
47.695999145508	0.010358062572777	-0.00028946134261787
47.712001800537	0.010284764692187	-0.00039732013829052
47.728000640869	0.010211766697466	-0.00050147192087024
47.743999481201	0.010139257647097	-0.00060201040469110
47.759998321533	0.010067426599562	-0.00069899472873658
47.776000976562	0.0099964551627636	-0.00079251680290326
47.791999816895	0.0099265240132809	-0.00088267197133973
47.807998657227	0.0098578063771129	-0.00096958654467016
47.824001312256	0.0097904764115810	-0.0010533609893173
47.840000152588	0.0097246943041682	-0.0011341344797984
47.855998992920	0.0096606230363250	-0.0012120385654271
47.872001647949	0.0095984097570181	-0.0012872327351943
47.888000488281	0.0095381997525692	-0.0013598760124296
47.903999328613	0.0094801327213645	-0.0014301185728982
47.919998168945	0.0094243343919516	-0.0014981450513005
47.936000823975	0.0093709239736199	-0.0015641300706193
47.951999664307	0.0093200094997883	-0.0016282822471112
47.967998504639	0.0092716943472624	-0.0016907715471461
47.984001159668	0.0092260623350739	-0.0017518369713798
48.000000000000	0.0091831972822547	-0.0018116518622264
48.015998840332	0.0091431625187397	-0.0018704577814788
48.032001495361	0.0091060139238834	-0.0019284655572847
48.048000335693	0.0090717962011695	-0.0019859010353684
48.063999176025	0.0090405382215977	-0.0020429943688214
48.080001831055	0.0090122614055872	-0.0020999636035413
48.096000671387	0.0089869657531381	-0.0021570760291070
48.111999511719	0.0089646447449923	-0.0022145430557430
48.127998352051	0.0089452769607306	-0.0022726156748831
48.144001007080	0.0089288316667080	-0.0023315092548728
48.159999847412	0.0089152520522475	-0.0023914850316942
48.175998687744	0.0089044813066721	-0.0024527702480555
48.192001342773	0.0088964384049177	-0.0025156049523503
48.208000183105	0.0088910367339849	-0.0025802117306739
48.223999023438	0.0088881701231003	-0.0026468273717910
48.240001678467	0.0088877156376839	-0.0027156868018210
48.256000518799	0.0088895531371236	-0.0027869732584804
48.271999359131	0.0088935280218720	-0.0028609365690500
48.287998199463	0.0088994828984141	-0.0029377734754235
48.304000854492	0.0089072482660413	-0.0030176804866642
48.319999694824	0.0089166387915611	-0.0031008520163596
48.335998535156	0.0089274616912007	-0.0031874643173069
48.352001190186	0.0089395008981228	-0.0032777087762952
48.368000030518	0.0089525468647480	-0.0033717234618962
48.383998870850	0.0089663611724973	-0.0034696788061410
48.400001525879	0.0089807063341141	-0.0035717084538192
48.416000366211	0.0089953243732452	-0.0036779497750103
48.431999206543	0.0090099601075053	-0.0037885124329478
48.448001861572	0.0090243499726057	-0.0039034842047840
48.464000701904	0.0090381996706128	-0.0040229903534055
48.479999542236	0.0090512400493026	-0.0041470639407635
48.495998382568	0.0090631768107414	-0.0042757769115269
48.512001037598	0.0090737026184797	-0.0044091916643083
48.527999877930	0.0090825296938419	-0.0045473035424948
48.543998718262	0.0090893376618624	-0.0046901521272957
48.560001373291	0.0090938331559300	-0.0048376959748566
48.576000213623	0.0090956864878535	-0.0049899476580322
48.591999053955	0.0090945949777961	-0.0051468461751938
48.608001708984	0.0090902354568243	-0.0053083458915353
48.624000549316	0.0090823108330369	-0.0054743480868638
48.639999389648	0.0090704811736941	-0.0056447996757925
48.655998229980	0.0090544670820236	-0.0058195404708385
48.672000885010	0.0090339398011565	-0.0059984764084220
48.687999725342	0.0090086003765464	-0.0061814552173018
48.703998565674	0.0089781610295177	-0.0063682943582535
48.720001220703	0.0089423144236207	-0.0065588401630521
48.736000061035	0.0089007765054703	-0.0067528905346990
48.751998901367	0.0088532892987132	-0.0069502037949860
48.768001556396	0.0087995724752545	-0.0071505666710436
48.784000396729	0.0087393671274185	-0.0073537351563573
48.799999237061	0.0086724339053035	-0.0075594331137836
48.816001892090	0.0085985260084271	-0.0077673969790339
48.832000732422	0.0085174366831779	-0.0079773170873523
48.847999572754	0.0084289498627186	-0.0081888949498534
48.863998413086	0.0083328690379858	-0.0084018092602491
48.880001068115	0.0082290302962065	-0.0086157154291868
48.895999908447	0.0081172436475754	-0.0088302940130234
48.911998748779	0.0079973852261901	-0.0090451650321484
48.928001403809	0.0078693302348256	-0.0092599596828222
48.944000244141	0.0077329571358860	-0.0094743138179183
48.959999084473	0.0075881606899202	-0.0096878511831164
48.976001739502	0.0074349013157189	-0.0099001517519355
48.992000579834	0.0072730956599116	-0.010110843926668
49.007999420166	0.0071027330122888	-0.010319503024220
49.023998260498	0.0069237910211086	-0.010525731369853
49.040000915527	0.0067362850531936	-0.010729110799730
49.055999755859	0.0065402314066887	-0.010929234325886
49.071998596191	0.0063356808386743	-0.011125689372420
49.088001251221	0.0061227343976498	-0.011318041943014
49.104000091553	0.0059014554135501	-0.011505897156894
49.119998931885	0.0056719915010035	-0.011688824743032
49.136001586914	0.0054344492964447	-0.011866433545947
49.152000427246	0.0051890099421144	-0.012038309127092
49.167999267578	0.0049358457326889	-0.012204056605697
49.183998107910	0.0046751499176025	-0.012363292276859
49.200000762939	0.0044071711599827	-0.012515620328486
49.215999603271	0.0041321334429085	-0.012660675682127
49.231998443604	0.0038503056857735	-0.012798096984625
49.248001098633	0.0035619628615677	-0.012927533127367
49.263999938965	0.0032674262765795	-0.013048643246293
49.279998779297	0.0029669979121536	-0.013161105103791
49.296001434326	0.0026610358618200	-0.013264607638121
49.312000274658	0.0023498781956732	-0.013358859345317
49.327999114990	0.0020339046604931	-0.013443584553897
49.344001770020	0.0017135108355433	-0.013518522493541
49.360000610352	0.0013890815898776	-0.013583435676992
49.375999450684	0.0010610541794449	-0.013638103380799
49.391998291016	0.00072982668643817	-0.013682326301932
49.408000946045	0.00039584760088474	-0.013715925626457
49.423999786377	5.9589081502054e-05	-0.013738743029535
49.439998626709	-0.00027851978666149	-0.013750645332038
49.456001281738	-0.00061801593983546	-0.013751521706581
49.472000122070	-0.00095837714616209	-0.013741284608841
49.487998962402	-0.0012991807889193	-0.013719866052270
49.504001617432	-0.0016399348387495	-0.013687227852643
49.520000457764	-0.0019801312591881	-0.013643356040120
49.535999298096	-0.0023192875087261	-0.013588259927928
49.551998138428	-0.0026569336187094	-0.013521972112358
49.568000793457	-0.0029925762210041	-0.013444551266730
49.583999633789	-0.0033257375471294	-0.013356081210077
49.599998474121	-0.0036559184081852	-0.013256675563753
49.616001129150	-0.0039826896972954	-0.013146456331015
49.631999969482	-0.0043055405840278	-0.013025592081249
49.647998809814	-0.0046240203082561	-0.012894264422357
49.664001464844	-0.0049377013929188	-0.012752670794725
49.680000305176	-0.0052461163140833	-0.012601050548255
49.695999145508	-0.0055488729849458	-0.012439641170204
49.712001800537	-0.0058455462567508	-0.012268721126020
49.728000640869	-0.0061357244849205	-0.012088591232896
49.743999481201	-0.0064190384000540	-0.011899559758604
49.759998321533	-0.0066951354965568	-0.011701951734722
49.776000976562	-0.0069636385887861	-0.011496141552925
49.791999816895	-0.0072242342866957	-0.011282487772405
49.807998657227	-0.0074766199104488	-0.011061375960708
49.824001312256	-0.0077205151319504	-0.010833203792572
49.840000152588	-0.0079556424170732	-0.010598397813737
49.855998992920	-0.0081817675381899	-0.010357380844653
49.872001647949	-0.0083986734971404	-0.010110595263541
49.888000488281	-0.0086061581969261	-0.0098585011437535
49.903999328613	-0.0088040735572577	-0.0096015399321914
49.919998168945	-0.0089922593906522	-0.0093401931226254
49.936000823975	-0.0091705992817879	-0.0090749422088265
49.951999664307	-0.0093390196561813	-0.0088062398135662
49.967998504639	-0.0094974320381880	-0.0085345990955830
49.984001159668	-0.0096458317711949	-0.0082604670897126
50.000000000000	-0.0097841750830412	-0.0079843634739518
