34.000000000000	0.0078028752468526	0.010554046370089
34.015998840332	0.0079459110274911	0.010610477998853
34.032001495361	0.0080978879705071	0.010664359666407
34.048000335693	0.0082586584612727	0.010715104639530
34.063999176025	0.0084280427545309	0.010762136429548
34.080001831055	0.0086058229207993	0.010804897174239
34.096000671387	0.0087917558848858	0.010842842981219
34.111999511719	0.0089855594560504	0.010875449515879
34.127998352051	0.0091869253665209	0.010902212001383
34.144001007080	0.0093955146148801	0.010922648943961
34.159999847412	0.0096109639853239	0.010936303995550
34.175998687744	0.0098328851163387	0.010942740365863
34.192001342773	0.010060859844089	0.010941555723548
34.208000183105	0.010294456034899	0.010932364501059
34.223999023438	0.010533216409385	0.010914822109044
34.240001678467	0.010776666924357	0.010888604447246
34.256000518799	0.011024316772819	0.010853420011699
34.271999359131	0.011275661177933	0.010809012688696
34.287998199463	0.011530183255672	0.010755150578916
34.304000854492	0.011787355877459	0.010691645555198
34.319999694824	0.012046641670167	0.010618329048157
34.335998535156	0.012307498604059	0.010535076260567
34.352001190186	0.012569379061460	0.010441786609590
34.368000030518	0.012831734493375	0.010338406078517
34.383998870850	0.013094016350806	0.010224897414446
34.400001525879	0.013355675153434	0.010101267136633
34.416000366211	0.013616166077554	0.0099675524979830
34.431999206543	0.013874951750040	0.0098238205537200
34.448001861572	0.014131503179669	0.0096701737493277
34.464000701904	0.014385294169188	0.0095067406073213
34.479999542236	0.014635814353824	0.0093336841091514
34.495998382568	0.014882569201291	0.0091511942446232
34.512001037598	0.015125071629882	0.0089594926685095
34.527999877930	0.015362856909633	0.0087588215246797
34.543998718262	0.015595473349094	0.0085494555532932
34.560001373291	0.015822490677238	0.0083316937088966
34.576000213623	0.016043499112129	0.0081058563664556
34.591999053955	0.016258111223578	0.0078722862526774
34.608001708984	0.016465958207846	0.0076313498429954
34.624000549316	0.016666704788804	0.0073834299109876
34.639999389648	0.016860028728843	0.0071289278566837
34.655998229980	0.017045643180609	0.0068682618439198
34.672000885010	0.017223283648491	0.0066018649376929
34.687999725342	0.017392713576555	0.0063301832415164
34.703998565674	0.017553726211190	0.0060536703094840
34.720001220703	0.017706144601107	0.0057727941311896
34.736000061035	0.017849814146757	0.0054880278185010
34.751998901367	0.017984619364142	0.0051998496055603
34.768001556396	0.018110465258360	0.0049087442457676
34.784000396729	0.018227294087410	0.0046151960268617
34.799999237061	0.018335070461035	0.0043196910992265
34.816001892090	0.018433794379234	0.0040227151475847
34.832000732422	0.018523491919041	0.0037247482687235
34.847999572754	0.018604220822453	0.0034262682311237
34.863998413086	0.018676063045859	0.0031277439557016
34.880001068115	0.018739132210612	0.0028296387754381
34.895999908447	0.018793569877744	0.0025324043817818
34.911998748779	0.018839539960027	0.0022364817559719
34.928001403809	0.018877234309912	0.0019422981422395
34.944000244141	0.018906874582171	0.0016502673970535
34.959999084473	0.018928695470095	0.0013607869623229
34.976001739502	0.018942967057228	0.0010742369340733
34.992000579834	0.018949972465634	0.00079097930574790
35.007999420166	0.018950019031763	0.00051135581452399
35.023998260498	0.018943430855870	0.00023568781034555
35.040000915527	0.018930552527308	-3.5725624911720e-05
35.055999755859	0.018911749124527	-0.00030260835774243
35.071998596191	0.018887387588620	-0.00056470790877938
35.088001251221	0.018857864663005	-0.00082179671153426
35.104000091553	0.018823580816388	-0.0010736725525931
35.119998931885	0.018784947693348	-0.0013201591791585
35.136001586914	0.018742386251688	-0.0015611067647114
35.152000427246	0.018696328625083	-0.0017963931895792
35.167999267578	0.018647205084562	-0.0020259229931980
35.183998107910	0.018595458939672	-0.0022496359888464
35.200000762939	0.018541533499956	-0.0024674709420651
35.215999603271	0.018485866487026	-0.0026794415898621
35.231998443604	0.018428904935718	-0.0028855486307293
35.248001098633	0.018371086567640	-0.0030858376994729
35.263999938965	0.018312847241759	-0.0032803870271891
35.279998779297	0.018254619091749	-0.0034692913759500
35.296001434326	0.018196824938059	-0.0036526771727949
35.312000274658	0.018139878287911	-0.0038306964561343
35.327999114990	0.018084185197949	-0.0040035275742412
35.344001770020	0.018030138686299	-0.0041713728569448
35.360000610352	0.017978116869926	-0.0043344614095986
35.375999450684	0.017928484827280	-0.0044930437579751
35.391998291016	0.017881594598293	-0.0046473960392177
35.408000946045	0.017837775871158	-0.0047978116199374
35.423999786377	0.017797343432903	-0.0049446090124547
35.439998626709	0.017760591581464	-0.0050881258212030
35.456001281738	0.017727795988321	-0.0052287164144218
35.472000122070	0.017699202522635	-0.0053667533211410
35.487998962402	0.017675045877695	-0.0055026253685355
35.504001617432	0.017655530944467	-0.0056367372162640
35.520000457764	0.017640838399529	-0.0057695056311786
35.535999298096	0.017631122842431	-0.0059013580903411
35.551998138428	0.017626516520977	-0.0060327365063131
35.568000793457	0.017627123743296	-0.0061640883795917
35.583999633789	0.017633022740483	-0.0062958705238998
35.599998474121	0.017644261941314	-0.0064285458065569
35.616001129150	0.017660861834884	-0.0065625817514956
35.631999969482	0.017682822421193	-0.0066984477452934
35.647998809814	0.017710106447339	-0.0068366173654795
35.664001464844	0.017742652446032	-0.0069775599986315
35.680000305176	0.017780374735594	-0.0071217478252947
35.695999145508	0.017823154106736	-0.0072696460410953
35.712001800537	0.017870847135782	-0.0074217179790139
35.728000640869	0.017923280596733	-0.0075784204527736
35.743999481201	0.017980255186558	-0.0077402014285326
35.759998321533	0.018041549250484	-0.0079074995592237
35.776000976562	0.018106905743480	-0.0080807432532310
35.791999816895	0.018176048994064	-0.0082603506743908
35.807998657227	0.018248677253723	-0.0084467232227325
35.824001312256	0.018324466422200	-0.0086402501910925
35.840000152588	0.018403068184853	-0.0088413041085005
35.855998992920	0.018484104424715	-0.0090502398088574
35.872001647949	0.018567191436887	-0.0092673944309354
35.888000488281	0.018651906400919	-0.0094930846244097
35.903999328613	0.018737822771072	-0.0097276056185365
35.919998168945	0.018824487924576	-0.0099712349474430
35.936000823975	0.018911432474852	-0.010224223136902
35.951999664307	0.018998173996806	-0.010486798360944
35.967998504639	0.019084211438894	-0.010759164579213
35.984001159668	0.019169034436345	-0.011041503399611
36.000000000000	0.019252121448517	-0.011333966627717
36.015998840332	0.019332934170961	-0.011636679992080
36.032001495361	0.019410928711295	-0.011949747800827
36.048000335693	0.019485557451844	-0.012273238040507
36.063999176025	0.019556257873774	-0.012607200071216
36.080001831055	0.019622467458248	-0.012951648794115
36.096000671387	0.019683623686433	-0.013306573964655
36.111999511719	0.019739149138331	-0.013671936467290
36.127998352051	0.019788483157754	-0.014047666452825
36.144001007080	0.019831052049994	-0.014433672651649
36.159999847412	0.019866291433573	-0.014829825609922
36.175998687744	0.019893638789654	-0.015235974453390
36.192001342773	0.019912533462048	-0.015651937574148
36.208000183105	0.019922427833080	-0.016077507287264
36.223999023438	0.019922778010368	-0.016512453556061
36.240001678467	0.019913049414754	-0.016956504434347
36.256000518799	0.019892716780305	-0.017409380525351
36.271999359131	0.019861271604896	-0.017870761454105
36.287998199463	0.019818214699626	-0.018340310081840
36.304000854492	0.019763058051467	-0.018817665055394
36.319999694824	0.019695337861776	-0.019302435219288
36.335998535156	0.019614601507783	-0.019794212654233
36.352001190186	0.019520409405231	-0.020292568951845
36.368000030518	0.019412349909544	-0.020797047764063
36.383998870850	0.019290024414659	-0.021307179704309
36.400001525879	0.019153060391545	-0.021822471171618
36.416000366211	0.019001100212336	-0.022342415526509
36.431999206543	0.018833812326193	-0.022866485640407
36.448001861572	0.018650885671377	-0.023394141346216
36.464000701904	0.018452038988471	-0.023924823850393
36.479999542236	0.018237005919218	-0.024457966908813
36.495998382568	0.018005553632975	-0.024992989376187
36.512001037598	0.017757464200258	-0.025529297068715
36.527999877930	0.017492558807135	-0.026066290214658
36.543998718262	0.017210669815540	-0.026603359729052
36.560001373291	0.016911668702960	-0.027139889076352
36.576000213623	0.016595445573330	-0.027675259858370
36.591999053955	0.016261916607618	-0.028208836913109
36.608001708984	0.015911029651761	-0.028739996254444
36.624000549316	0.015542756766081	-0.029268106445670
36.639999389648	0.015157097019255	-0.029792530462146
36.655998229980	0.014754071831703	-0.030312640592456
36.672000885010	0.014333730563521	-0.030827805399895
36.687999725342	0.013896150514483	-0.031337399035692
36.703998565674	0.013441445305943	-0.031840797513723
36.720001220703	0.012969725765288	-0.032337389886379
36.736000061035	0.012481156736612	-0.032826554030180
36.751998901367	0.011975909583271	-0.033307697623968
36.768001556396	0.011454185470939	-0.033780217170715
36.784000396729	0.010916206985712	-0.034243535250425
36.799999237061	0.010362224653363	-0.034697078168392
36.816001892090	0.0097925020381808	-0.035140283405781
36.832000732422	0.0092073297128081	-0.035572595894337
36.847999572754	0.0086070233955979	-0.035993490368128
36.863998413086	0.0079919043928385	-0.036402434110641
36.880001068115	0.0073623252101243	-0.036798924207687
36.895999908447	0.0067186527885497	-0.037182476371527
36.911998748779	0.0060612685047090	-0.037552610039711
36.928001403809	0.0053905704990029	-0.037908870726824
36.944000244141	0.0047069820575416	-0.038250815123320
36.959999084473	0.0040109222754836	-0.038578025996685
36.976001739502	0.0033028370235115	-0.038890097290277
36.992000579834	0.0025831765960902	-0.039186649024487
37.007999420166	0.0018524174811319	-0.039467316120863
37.023998260498	0.0011110240593553	-0.039731748402119
37.040000915527	0.00035949348239228	-0.039979625493288
37.055999755859	-0.00040169456042349	-0.040210641920567
37.071998596191	-0.0011720210313797	-0.040424510836601
37.088001251221	-0.0019510005367920	-0.040620967745781
37.104000091553	-0.0027381055988371	-0.040799770504236
37.119998931885	-0.0035328159574419	-0.040960691869259
37.136001586914	-0.0043346234597266	-0.041103530675173
37.152000427246	-0.0051430058665574	-0.041228100657463
37.167999267578	-0.0059574302285910	-0.041334234178066
37.183998107910	-0.0067773745395243	-0.041421782225370
37.200000762939	-0.0076023158617318	-0.041490629315376
37.215999603271	-0.0084317307919264	-0.041540663689375
37.231998443604	-0.0092650949954987	-0.041571795940399
37.248001098633	-0.010101892054081	-0.041583955287933
37.263999938965	-0.010941606946290	-0.041577085852623
37.279998779297	-0.011783731169999	-0.041551154106855
37.296001434326	-0.012627758085728	-0.041506145149469
37.312000274658	-0.013473178260028	-0.041442047804594
37.327999114990	-0.014319513924420	-0.041358876973391
37.344001770020	-0.015166260302067	-0.041256666183472
37.360000610352	-0.016012948006392	-0.041135445237160
37.375999450684	-0.016859101131558	-0.040995281189680
37.391998291016	-0.017704250290990	-0.040836237370968
37.408000946045	-0.018547950312495	-0.040658395737410
37.423999786377	-0.019389741122723	-0.040461845695972
37.439998626709	-0.020229198038578	-0.040246691554785
37.456001281738	-0.021065885201097	-0.040013052523136
37.472000122070	-0.021899383515120	-0.039761044085026
37.487998962402	-0.022729272022843	-0.039490811526775
37.504001617432	-0.023555170744658	-0.039202477782965
37.520000457764	-0.024376686662436	-0.038896199315786
37.535999298096	-0.025193430483341	-0.038572132587433
37.551998138428	-0.026005037128925	-0.038230445235968
37.568000793457	-0.026811154559255	-0.037871289998293
37.583999633789	-0.027611428871751	-0.037494841963053
37.599998474121	-0.028405515477061	-0.037101283669472
37.616001129150	-0.029193075373769	-0.036690801382065
37.631999969482	-0.029973808676004	-0.036263559013605
37.647998809814	-0.030747393146157	-0.035819754004478
37.664001464844	-0.031513534486294	-0.035359565168619
37.680000305176	-0.032271914184093	-0.034883189946413
37.695999145508	-0.033022269606590	-0.034390810877085
37.712001800537	-0.033764302730560	-0.033882632851601
37.728000640869	-0.034497771412134	-0.033358823508024
37.743999481201	-0.035222377628088	-0.032819595187902
37.759998321533	-0.035937882959843	-0.032265122979879
37.776000976562	-0.036644041538239	-0.031695589423180
37.791999816895	-0.037340592592955	-0.031111199408770
37.807998657227	-0.038027301430702	-0.030512126162648
37.824001312256	-0.038703929632902	-0.029898563399911
37.840000152588	-0.039370246231556	-0.029270701110363
37.855998992920	-0.040026031434536	-0.028628690168262
37.872001647949	-0.040671050548553	-0.027972735464573
37.888000488281	-0.041305087506771	-0.027302997186780
37.903999328613	-0.041927933692932	-0.026619642972946
37.919998168945	-0.042539343237877	-0.025922877714038
37.936000823975	-0.043139111250639	-0.025212859734893
37.951999664307	-0.043727021664381	-0.024489754810929
37.967998504639	-0.044302877038717	-0.023753704503179
37.984001159668	-0.044866431504488	-0.023004902526736
38.000000000000	-0.045417487621307	-0.022243507206440
38.015998840332	-0.045955814421177	-0.021469702944160
38.032001495361	-0.046481214463711	-0.020683584734797
38.048000335693	-0.046993441879749	-0.019885376095772
38.063999176025	-0.047492273151875	-0.019075252115726
38.080001831055	-0.047977495938540	-0.018253332003951
38.096000671387	-0.048448875546455	-0.017419775947928
38.111999511719	-0.048906177282333	-0.016574781388044
38.127998352051	-0.049349162727594	-0.015718497335911
38.144001007080	-0.049777608364820	-0.014851075597107
38.159999847412	-0.050191242247820	-0.013972735032439
38.175998687744	-0.050589840859175	-0.013083597645164
38.192001342773	-0.050973139703274	-0.012183880433440
38.208000183105	-0.051340892910957	-0.011273719370365
38.223999023438	-0.051692824810743	-0.010353352874517
38.240001678467	-0.052028685808182	-0.0094229411333799
38.256000518799	-0.052348200231791	-0.0084826964884996
38.271999359131	-0.052651103585958	-0.0075327982194722
38.287998199463	-0.052937101572752	-0.0065735206007957
38.304000854492	-0.053205929696560	-0.0056049837730825
38.319999694824	-0.053457304835320	-0.0046274745836854
38.335998535156	-0.053690921515226	-0.0036412524059415
38.352001190186	-0.053906507790089	-0.0026465591508895
38.368000030518	-0.054103765636683	-0.0016435930738226
38.383998870850	-0.054282400757074	-0.00063266436336562
38.400001525879	-0.054442103952169	0.00038593285717070
38.416000366211	-0.054582595825195	0.0014119856059551
38.431999206543	-0.054703563451767	0.0024450754281133
38.448001861572	-0.054804712533951	0.0034850081428885
38.464000701904	-0.054885741323233	0.0045313695445657
38.479999542236	-0.054946355521679	0.0055838646367192
38.495998382568	-0.054986245930195	0.0066421474330127
38.512001037598	-0.055005129426718	0.0077057955786586
38.527999877930	-0.055002696812153	0.0087745031341910
38.543998718262	-0.054978676140308	0.0098478365689516
38.560001373291	-0.054932784289122	0.010925321839750
38.576000213623	-0.054864715784788	0.012006669305265
38.591999053955	-0.054774221032858	0.013091299682856
38.608001708984	-0.054661016911268	0.014178859069943
38.624000549316	-0.054524853825569	0.015268808230758
38.639999389648	-0.054365471005440	0.016360698267817
38.655998229980	-0.054182626307011	0.017454020678997
38.672000885010	-0.053976092487574	0.018548220396042
38.687999725342	-0.053745631128550	0.019642824307084
38.703998565674	-0.053491037338972	0.020737269893289
38.720001220703	-0.053212121129036	0.021830951794982
38.736000061035	-0.052908696234226	0.022923305630684
38.751998901367	-0.052580583840609	0.024013774469495
38.768001556396	-0.052227623760700	0.025101726874709
38.784000396729	-0.051849681884050	0.026186536997557
38.799999237061	-0.051446642726660	0.027267590165138
38.816001892090	-0.051018375903368	0.028344243764877
38.832000732422	-0.050564836710691	0.029415788128972
38.847999572754	-0.050085917115211	0.030481610447168
38.863998413086	-0.049581591039896	0.031541008502245
38.880001068115	-0.049051821231842	0.032593306154013
38.895999908447	-0.048496596515179	0.033637803047895
38.911998748779	-0.047915950417519	0.034673769026995
38.928001403809	-0.047309894114733	0.035700529813766
38.944000244141	-0.046678505837917	0.036717332899570
38.959999084473	-0.046021893620491	0.037723429501057
38.976001739502	-0.045340139418840	0.038718130439520
38.992000579834	-0.044633422046900	0.039700631052256
39.007999420166	-0.043901827186346	0.040670286864042
39.023998260498	-0.043145626783371	0.041626263409853
39.040000915527	-0.042364954948425	0.042567890137434
39.055999755859	-0.041560083627701	0.043494395911694
39.071998596191	-0.040731336921453	0.044404979795218
39.088001251221	-0.039878912270069	0.045298997312784
39.104000091553	-0.039003215730190	0.046175628900528
39.119998931885	-0.038104549050331	0.047034196555614
39.136001586914	-0.037183292210102	0.047873944044113
39.152000427246	-0.036239873617887	0.048694156110287
39.167999267578	-0.035274714231491	0.049494117498398
39.183998107910	-0.034288257360458	0.050273135304451
39.200000762939	-0.033281028270721	0.051030494272709
39.215999603271	-0.032253500074148	0.051765535026789
39.231998443604	-0.031206218525767	0.052477587014437
39.248001098633	-0.030139792710543	0.053165975958109
39.263999938965	-0.029054736718535	0.053830102086067
39.279998779297	-0.027951760217547	0.054469294846058
39.296001434326	-0.026831451803446	0.055082965642214
39.312000274658	-0.025694461539388	0.055670555680990
39.327999114990	-0.024541538208723	0.056231461465359
39.344001770020	-0.023373395204544	0.056765142828226
39.360000610352	-0.022190717980266	0.057271089404821
39.375999450684	-0.020994270220399	0.057748805731535
39.391998291016	-0.019784880802035	0.058197788894176
39.408000946045	-0.018563320860267	0.058617606759071
39.423999786377	-0.017330409958959	0.059007827192545
39.439998626709	-0.016087008640170	0.059368044137955
39.456001281738	-0.014833936467767	0.059697899967432
39.472000122070	-0.013572090305388	0.059997044503689
39.487998962402	-0.012302347458899	0.060265164822340
39.504001617432	-0.011025600135326	0.060501974076033
39.520000457764	-0.0097427805885673	0.060707226395607
39.535999298096	-0.0084547754377127	0.060880690813065
39.551998138428	-0.0071625364944339	0.061022192239761
39.568000793457	-0.0058670253492892	0.061131563037634
39.583999633789	-0.0045691807754338	0.061208676546812
39.599998474121	-0.0032699767034501	0.061253443360329
39.616001129150	-0.0019703027792275	0.061265815049410
39.631999969482	-0.00067122746258974	0.061245754361153
39.647998809814	0.00062635476933792	0.061193276196718
39.664001464844	0.0019214614294469	0.061108432710171
39.680000305176	0.0032130822073668	0.060991294682026
39.695999145508	0.0045003262348473	0.060841973870993
39.712001800537	0.0057821604423225	0.060660626739264
39.728000640869	0.0070576742291451	0.060447424650192
39.743999481201	0.0083258766680956	0.060202594846487
39.759998321533	0.0095858424901962	0.059926379472017
39.776000976562	0.010836684145033	0.059619061648846
39.791999816895	0.012077383697033	0.059280965477228
39.807998657227	0.013307103887200	0.058912433683872
39.824001312256	0.014524909667671	0.058513846248388
39.840000152588	0.015729909762740	0.058085631579161
39.855998992920	0.016921281814575	0.057628206908703
39.872001647949	0.018098115921021	0.057142078876495
39.888000488281	0.019259566441178	0.056627746671438
39.903999328613	0.020404897630215	0.056085720658302
39.919998168945	0.021533230319619	0.055516589432955
39.936000823975	0.022643841803074	0.054920937865973
39.951999664307	0.023736001923680	0.054299362003803
39.967998504639	0.024808907881379	0.053652539849281
39.984001159668	0.025861905887723	0.052981115877628
40.000000000000	0.026894317939878	0.052285782992840
40.015998840332	0.027905467897654	0.051567271351814
40.032001495361	0.028894761577249	0.050826292484999
40.048000335693	0.029861606657505	0.050063610076904
40.063999176025	0.030805433169007	0.049279995262623
40.080001831055	0.031725667417049	0.048476267606020
40.096000671387	0.032621901482344	0.047653168439865
40.111999511719	0.033493567258120	0.046811588108540
40.127998352051	0.034340247511864	0.045952338725328
40.144001007080	0.035161565989256	0.045076254755259
40.159999847412	0.035957098007202	0.044184222817421
40.175998687744	0.036726552993059	0.043277084827423
40.192001342773	0.037469573318958	0.042355742305517
40.208000183105	0.038185898214579	0.041421081870794
40.223999023438	0.038875292986631	0.040473967790604
40.240001678467	0.039537549018860	0.039515320211649
40.256000518799	0.040172480046749	0.038546018302441
40.271999359131	0.040779918432236	0.037566997110844
40.287998199463	0.041359834372997	0.036579083651304
40.304000854492	0.041912041604519	0.035583276301622
40.319999694824	0.042436603456736	0.034580372273922
40.335998535156	0.042933445423841	0.033571310341358
40.352001190186	0.043402597308159	0.032556995749474
40.368000030518	0.043844141066074	0.031538251787424
40.383998870850	0.044258162379265	0.030515974387527
40.400001525879	0.044644754379988	0.029491025954485
40.416000366211	0.045004066079855	0.028464278206229
40.431999206543	0.045336306095123	0.027436520904303
40.448001861572	0.045641660690308	0.026408609002829
40.464000701904	0.045920375734568	0.025381354615092
40.479999542236	0.046172708272934	0.024355540052056
40.495998382568	0.046398948878050	0.023331962525845
40.512001037598	0.046599429100752	0.022311355918646
40.527999877930	0.046774487942457	0.021294482052326
40.543998718262	0.046924479305744	0.020282076671720
40.560001373291	0.047049801796675	0.019274843856692
40.576000213623	0.047150887548923	0.018273411318660
40.591999053955	0.047228161245584	0.017278464511037
40.608001708984	0.047282062470913	0.016290701925755
40.624000549316	0.047313086688519	0.015310645103455
40.639999389648	0.047321714460850	0.014338953420520
40.655998229980	0.047308456152678	0.013376168906689
40.672000885010	0.047273848205805	0.012422788888216
40.687999725342	0.047218412160873	0.011479422450066
40.703998565674	0.047142710536718	0.010546491481364
40.720001220703	0.047047309577465	0.0096244663000107
40.736000061035	0.046932786703110	0.0087137902155519
40.751998901367	0.046799719333649	0.0078148795291781
40.768001556396	0.046648703515530	0.0069280825555325
40.784000396729	0.046480342745781	0.0060538332909346
40.799999237061	0.046295244246721	0.0051923631690443
40.816001892090	0.046094011515379	0.0043440330773592
40.832000732422	0.045877270400524	0.0035091133322567
40.847999572754	0.045645628124475	0.0026878488715738
40.863998413086	0.045399710536003	0.0018804174615070
40.880001068115	0.045140132308006	0.0010870813857764
40.895999908447	0.044867504388094	0.00030794934718870
40.911998748779	0.044582452625036	-0.00045678540482186
40.928001403809	0.044285576790571	-0.0012070590164512
40.944000244141	0.043977484107018	-0.0019427447114140
40.959999084473	0.043658785521984	-0.0026638004928827
40.976001739502	0.043330058455467	-0.0033701835200191
40.992000579834	0.042991902679205	-0.0040618516504765
41.007999420166	0.042644888162613	-0.0047388221137226
41.023998260498	0.042289581149817	-0.0054011316969991
41.040000915527	0.041926540434361	-0.0060488348826766
41.055999755859	0.041556317359209	-0.0066819619387388
41.071998596191	0.041179426014423	-0.0073006791062653
41.088001251221	0.040796417742968	-0.0079050110653043
41.104000091553	0.040407769382000	-0.0084951529279351
41.119998931885	0.040013991296291	-0.0090711964294314
41.136001586914	0.039615556597710	-0.0096333622932434
41.152000427246	0.039212923496962	-0.010181784629822
41.167999267578	0.038806535303593	-0.010716705583036
41.183998107910	0.038396835327148	-0.011238262988627
41.200000762939	0.037984218448400	-0.011746736243367
41.215999603271	0.037569094449282	-0.012242333963513
41.231998443604	0.037151817232370	-0.012725345790386
41.248001098633	0.036732770502567	-0.013195961713791
41.263999938965	0.036312282085419	-0.013654500246048
41.279998779297	0.035890683531761	-0.014101193286479
41.296001434326	0.035468261688948	-0.014536364004016
41.312000274658	0.035045310854912	-0.014960287138820
41.327999114990	0.034622088074684	-0.015373251400888
41.344001770020	0.034198865294456	-0.015775518491864
41.360000610352	0.033775836229324	-0.016167460009456
41.375999450684	0.033353235572577	-0.016549319028854
41.391998291016	0.032931238412857	-0.016921445727348
41.408000946045	0.032510034739971	-0.017284113913774
41.423999786377	0.032089766114950	-0.017637629061937
41.439998626709	0.031670562922955	-0.017982335761189
41.456001281738	0.031252555549145	-0.018318489193916
41.472000122070	0.030835837125778	-0.018646432086825
41.487998962402	0.030420513823628	-0.018966412171721
41.504001617432	0.030006632208824	-0.019278755411506
41.520000457764	0.029594251886010	-0.019583735615015
41.535999298096	0.029183400794864	-0.019881652668118
41.551998138428	0.028774125501513	-0.020172756165266
41.568000793457	0.028366407379508	-0.020457332953811
41.583999633789	0.027960261330009	-0.020735630765557
41.599998474121	0.027555653825402	-0.021007902920246
41.616001129150	0.027152568101883	-0.021274389699101
41.631999969482	0.026750957593322	-0.021535316482186
41.647998809814	0.026350758969784	-0.021790927276015
41.664001464844	0.025951920077205	-0.022041408345103
41.680000305176	0.025554357096553	-0.022286986932158
41.695999145508	0.025157995522022	-0.022527825087309
41.712001800537	0.024762734770775	-0.022764125838876
41.728000640869	0.024368481710553	-0.022996049374342
41.743999481201	0.023975130170584	-0.023223744705319
41.759998321533	0.023582573980093	-0.023447347804904
41.776000976562	0.023190690204501	-0.023667003959417
41.791999816895	0.022799355909228	-0.023882824927568
41.807998657227	0.022408457472920	-0.024094903841615
41.824001312256	0.022017857059836	-0.024303354322910
41.840000152588	0.021627414971590	-0.024508249014616
41.855998992920	0.021237023174763	-0.024709651246667
41.872001647949	0.020846523344517	-0.024907624348998
41.888000488281	0.020455798134208	-0.025102203711867
41.903999328613	0.020064732059836	-0.025293417274952
41.919998168945	0.019673155620694	-0.025481298565865
41.936000823975	0.019280979409814	-0.025665836408734
41.951999664307	0.018888037651777	-0.025847051292658
41.967998504639	0.018494235351682	-0.026024909690022
41.984001159668	0.018099443987012	-0.026199391111732
42.000000000000	0.017703561112285	-0.026370458304882
42.015998840332	0.017306460067630	-0.026538064703345
42.032001495361	0.016908043995500	-0.026702163740993
42.048000335693	0.016508212313056	-0.026862680912018
42.063999176025	0.016106871888041	-0.027019549161196
42.080001831055	0.015703948214650	-0.027172679081559
42.096000671387	0.015299351885915	-0.027321992442012
42.111999511719	0.014893030747771	-0.027467381209135
42.127998352051	0.014484898187220	-0.027608754113317
42.144001007080	0.014074929058552	-0.027745990082622
42.159999847412	0.013663046061993	-0.027878988534212
42.175998687744	0.013249246403575	-0.028007615357637
42.192001342773	0.012833490967751	-0.028131755068898
42.208000183105	0.012415761128068	-0.028251277282834
42.223999023438	0.011996030807495	-0.028366060927510
42.240001678467	0.011574346572161	-0.028475951403379
42.256000518799	0.011150679551065	-0.028580835089087
42.271999359131	0.010725065134466	-0.028680566698313
42.287998199463	0.010297538712621	-0.028775004670024
42.304000854492	0.0098681338131428	-0.028864018619061
42.319999694824	0.0094369314610958	-0.028947457671165
42.335998535156	0.0090039363130927	-0.029025208204985
42.352001190186	0.0085692517459393	-0.029097115620971
42.368000030518	0.0081329513341188	-0.029163058847189
42.383998870850	0.0076951296068728	-0.029222900047898
42.400001525879	0.0072558810934424	-0.029276512563229
42.416000366211	0.0068152998574078	-0.029323780909181
42.431999206543	0.0063734953291714	-0.029364584013820
42.448001861572	0.0059306393377483	-0.029398793354630
42.464000701904	0.0054867994040251	-0.029426317662001
42.479999542236	0.0050421315245330	-0.029447048902512
42.495998382568	0.0045968093909323	-0.029460880905390
42.512001037598	0.0041509573347867	-0.029467726126313
42.527999877930	0.0037047318182886	-0.029467508196831
42.543998718262	0.0032583214342594	-0.029460135847330
42.560001373291	0.0028118635527790	-0.029445549473166
42.576000213623	0.0023655535187572	-0.029423682019114
42.591999053955	0.0019195638597012	-0.029394477605820
42.608001708984	0.0014740689657629	-0.029357895255089
42.624000549316	0.0010292738443241	-0.029313890263438
42.639999389648	0.00058535818243399	-0.029262434691191
42.655998229980	0.00014251690299716	-0.029203509911895
42.672000885010	-0.00029906735289842	-0.029137104749680
42.687999725342	-0.00073916936526075	-0.029063211753964
42.703998565674	-0.0011776188621297	-0.028981840237975
42.720001220703	-0.0016142039094120	-0.028893005102873
42.736000061035	-0.0020487129222602	-0.028796728700399
42.751998901367	-0.0024809762835503	-0.028693044558167
42.768001556396	-0.0029107977170497	-0.028581993654370
42.784000396729	-0.0033379555679858	-0.028463630005717
42.799999237061	-0.0037622568197548	-0.028338011354208
42.816001892090	-0.0041835121810436	-0.028205208480358
42.832000732422	-0.0046015596017241	-0.028065294027328
42.847999572754	-0.0050161881372333	-0.027918351814151
42.863998413086	-0.0054272171109915	-0.027764482423663
42.880001068115	-0.0058344686403871	-0.027603780850768
42.895999908447	-0.0062377690337598	-0.027436358854175
42.911998748779	-0.0066369762644172	-0.027262326329947
42.928001403809	-0.0070318737998605	-0.027081817388535
42.944000244141	-0.0074223545379937	-0.026894951239228
42.959999084473	-0.0078082126565278	-0.026701876893640
42.976001739502	-0.0081893503665924	-0.026502721011639
42.992000579834	-0.0085656028240919	-0.026297643780708
43.007999420166	-0.0089368810877204	-0.026086783036590
43.023998260498	-0.0093029793351889	-0.025870321318507
43.040000915527	-0.0096638510003686	-0.025648402050138
43.055999755859	-0.010019350796938	-0.025421198457479
43.071998596191	-0.010369394905865	-0.025188876315951
43.088001251221	-0.010713853873312	-0.024951623752713
43.104000091553	-0.011052702553570	-0.024709591642022
43.119998931885	-0.011385780759156	-0.024462994188070
43.136001586914	-0.011713096871972	-0.024211972951889
43.152000427246	-0.012034529820085	-0.023956742137671
43.167999267578	-0.012350055389106	-0.023697469383478
43.183998107910	-0.012659634463489	-0.023434331640601
43.200000762939	-0.012963232584298	-0.023167513310909
43.215999603271	-0.013260778039694	-0.022897221148014
43.231998443604	-0.013552275486290	-0.022623620927334
43.248001098633	-0.013837687671185	-0.022346911951900
43.263999938965	-0.014117052778602	-0.022067246958613
43.279998779297	-0.014390364289284	-0.021784806624055
43.296001434326	-0.014657608233392	-0.021499779075384
43.312000274658	-0.014918835833669	-0.021212318912148
43.327999114990	-0.015174000523984	-0.020922642201185
43.344001770020	-0.015423227101564	-0.020630851387978
43.360000610352	-0.015666494145989	-0.020337143912911
43.375999450684	-0.015903858467937	-0.020041674375534
43.391998291016	-0.016135370358825	-0.019744593650103
43.408000946045	-0.016361089423299	-0.019446047022939
43.423999786377	-0.016581060364842	-0.019146192818880
43.439998626709	-0.016795361414552	-0.018845152109861
43.456001281738	-0.017004085704684	-0.018543049693108
43.472000122070	-0.017207263037562	-0.018240043893456
43.487998962402	-0.017405023798347	-0.017936214804649
43.504001617432	-0.017597420141101	-0.017631700262427
43.520000457764	-0.017784550786018	-0.017326598986983
43.535999298096	-0.017966492101550	-0.017021026462317
43.551998138428	-0.018143355846405	-0.016715053468943
43.568000793457	-0.018315222114325	-0.016408788040280
43.583999633789	-0.018482204526663	-0.016102287918329
43.599998474121	-0.018644368276000	-0.015795670449734
43.616001129150	-0.018801853060722	-0.015488947741687
43.631999969482	-0.018954711034894	-0.015182241797447
43.647998809814	-0.019103094935417	-0.014875542372465
43.664001464844	-0.019247077405453	-0.014568920247257
43.680000305176	-0.019386740401387	-0.014262448064983
43.695999145508	-0.019522195681930	-0.013956132344902
43.712001800537	-0.019653547555208	-0.013649999164045
43.728000640869	-0.019780900329351	-0.013344044797122
43.743999481201	-0.019904298707843	-0.013038359582424
43.759998321533	-0.020023882389069	-0.012732875533402
43.776000976562	-0.020139710977674	-0.012427637353539
43.791999816895	-0.020251872017980	-0.012122643180192
43.807998657227	-0.020360473543406	-0.011817830614746
43.824001312256	-0.020465543493629	-0.011513273231685
43.840000152588	-0.020567197352648	-0.011208878830075
43.855998992920	-0.020665468648076	-0.010904691182077
43.872001647949	-0.020760435611010	-0.010600654408336
43.888000488281	-0.020852165296674	-0.010296725668013
43.903999328613	-0.020940706133842	-0.0099928826093674
43.919998168945	-0.021026100963354	-0.0096890972927213
43.936000823975	-0.021108398213983	-0.0093853194266558
43.951999664307	-0.021187637001276	-0.0090815201401711
43.967998504639	-0.021263847127557	-0.0087776435539126
43.984001159668	-0.021337054669857	-0.0084736552089453
44.000000000000	-0.021407276391983	-0.0081695197150111
44.015998840332	-0.021474542096257	-0.0078651579096913
44.032001495361	-0.021538853645325	-0.0075605292804539
44.048000335693	-0.021600211039186	-0.0072555961087346
44.063999176025	-0.021658618003130	-0.0069502978585660
44.080001831055	-0.021714059635997	-0.0066446145065129
44.096000671387	-0.021766522899270	-0.0063384855166078
44.111999511719	-0.021815992891788	-0.0060318512842059
44.127998352051	-0.021862437948585	-0.0057246908545494
44.144001007080	-0.021905839443207	-0.0054169269278646
44.159999847412	-0.021946158260107	-0.0051085203886032
44.175998687744	-0.021983332931995	-0.0047995201312006
44.192001342773	-0.022017346695065	-0.0044897641055286
44.208000183105	-0.022048126906157	-0.0041793263517320
44.223999023438	-0.022075630724430	-0.0038681114092469
44.240001678467	-0.022099789232016	-0.0035561337135732
44.256000518799	-0.022120550274849	-0.0032433248125017
44.271999359131	-0.022137826308608	-0.0029297659639269
44.287998199463	-0.022151563316584	-0.0026153526268899
44.304000854492	-0.022161681205034	-0.0023001087829471
44.319999694824	-0.022168098017573	-0.0019840407185256
44.335998535156	-0.022170737385750	-0.0016671373741701
44.352001190186	-0.022169513627887	-0.0013494542799890
44.368000030518	-0.022164339199662	-0.0010309445206076
44.383998870850	-0.022155134007335	-0.00071167130954564
44.400001525879	-0.022141803056002	-0.00039165889029391
44.416000366211	-0.022124258801341	-7.0914589741733e-05
44.431999206543	-0.022102409973741	0.00025050816475414
44.448001861572	-0.022076169028878	0.00057253072736785
44.464000701904	-0.022045440971851	0.00089515454601496
44.479999542236	-0.022010136395693	0.0012183138169348
44.495998382568	-0.021970173344016	0.0015418964903802
44.512001037598	-0.021925453096628	0.0018658705521375
44.527999877930	-0.021875891834497	0.0021901782602072
44.543998718262	-0.021821409463882	0.0025146745610982
44.560001373291	-0.021761916577816	0.0028393352404237
44.576000213623	-0.021697338670492	0.0031640282832086
44.591999053955	-0.021627591922879	0.0034886593930423
44.608001708984	-0.021552609279752	0.0038131293840706
44.624000549316	-0.021472312510014	0.0041373367421329
44.639999389648	-0.021386638283730	0.0044611757621169
44.655998229980	-0.021295526996255	0.0047844746150076
44.672000885010	-0.021198911592364	0.0051071615889668
44.687999725342	-0.021096758544445	0.0054290411062539
44.703998565674	-0.020988989621401	0.0057500740513206
44.720001220703	-0.020875584334135	0.0060700373724103
44.736000061035	-0.020756499841809	0.0063888086006045
44.751998901367	-0.020631700754166	0.0067062601447105
44.768001556396	-0.020501157268882	0.0070222425274551
44.784000396729	-0.020364856347442	0.0073365862481296
44.799999237061	-0.020222784951329	0.0076491404324770
44.816001892090	-0.020074931904674	0.0079597504809499
44.832000732422	-0.019921287894249	0.0082682818174362
44.847999572754	-0.019761877134442	0.0085745202377439
44.863998413086	-0.019596714526415	0.0088783139362931
44.880001068115	-0.019425787031651	0.0091795604676008
44.895999908447	-0.019249152392149	0.0094780316576362
44.911998748779	-0.019066842272878	0.0097735710442066
44.928001403809	-0.018878869712353	0.010066061280668
44.944000244141	-0.018685318529606	0.010355276055634
44.959999084473	-0.018486207351089	0.010641116648912
44.976001739502	-0.018281629309058	0.010923362337053
44.992000579834	-0.018071636557579	0.011201881803572
45.007999420166	-0.017856298014522	0.011476527899504
45.023998260498	-0.017635710537434	0.011747123673558
45.040000915527	-0.017409952357411	0.012013527564704
45.055999755859	-0.017179107293487	0.012275598943233
45.071998596191	-0.016943294554949	0.012533172033727
45.088001251221	-0.016702612861991	0.012786114588380
45.104000091553	-0.016457173973322	0.013034284114838
45.119998931885	-0.016207091510296	0.013277555815876
45.136001586914	-0.015952516347170	0.013515763916075
45.152000427246	-0.015693526715040	0.013748840428889
45.167999267578	-0.015430301427841	0.013976613990963
45.183998107910	-0.015162955969572	0.014198995195329
45.200000762939	-0.014891621656716	0.014415885321796
45.215999603271	-0.014616479165852	0.014627141878009
45.231998443604	-0.014337680302560	0.014832666143775
45.248001098633	-0.014055331237614	0.015032414346933
45.263999938965	-0.013769638724625	0.015226257033646
45.279998779297	-0.013480733148754	0.015414131805301
45.296001434326	-0.013188787735999	0.015595960430801
45.312000274658	-0.012893970124424	0.015771668404341
45.327999114990	-0.012596459127963	0.015941193327308
45.344001770020	-0.012296413071454	0.016104483976960
45.360000610352	-0.011993994005024	0.016261499375105
45.375999450684	-0.011689379811287	0.016412191092968
45.391998291016	-0.011382753029466	0.016556520015001
45.408000946045	-0.011074262671173	0.016694476827979
45.423999786377	-0.010764106176794	0.016826013103127
45.439998626709	-0.010452450253069	0.016951126977801
45.456001281738	-0.010139476507902	0.017069799825549
45.472000122070	-0.0098253022879362	0.017182061448693
45.487998962402	-0.0095101594924927	0.017287880182266
45.504001617432	-0.0091941934078932	0.017387276515365
45.520000457764	-0.0088775688782334	0.017480269074440
45.535999298096	-0.0085604647174478	0.017566874623299
45.551998138428	-0.0082430075854063	0.017647136002779
45.568000793457	-0.0079253893345594	0.017721071839333
45.583999633789	-0.0076077342964709	0.017788734287024
45.599998474121	-0.0072902450338006	0.017850143834949
45.616001129150	-0.0069730067625642	0.017905380576849
45.631999969482	-0.0066562206484377	0.017954472452402
45.647998809814	-0.0063400166109204	0.017997486516833
45.664001464844	-0.0060245199128985	0.018034486100078
45.680000305176	-0.0057098711840808	0.018065534532070
45.695999145508	-0.0053961933590472	0.018090711906552
45.712001800537	-0.0050836368463933	0.018110075965524
45.728000640869	-0.0047722794115543	0.018123717978597
45.743999481201	-0.0044622858986259	0.018131706863642
45.759998321533	-0.0041537447832525	0.018134130164981
45.776000976562	-0.0038467599079013	0.018131075426936
45.791999816895	-0.0035414311569184	0.018122624605894
45.807998657227	-0.0032378896139562	0.018108865246177
45.824001312256	-0.0029361932538450	0.018089890480042
45.840000152588	-0.0026364491786808	0.018065793439746
45.855998992920	-0.0023387256078422	0.018036665394902
45.872001647949	-0.0020431391894817	0.018002595752478
45.888000488281	-0.0017496999353170	0.017963685095310
45.903999328613	-0.0014585348544642	0.017920022830367
45.919998168945	-0.0011696985457093	0.017871700227261
45.936000823975	-0.00088322610827163	0.017818817868829
45.951999664307	-0.00059920002240688	0.017761465162039
45.967998504639	-0.00031766612664796	0.017699735239148
45.984001159668	-3.8683869206579e-05	0.017633717507124
46.000000000000	0.00023772349231876	0.017563505098224
46.015998840332	0.00051148509373888	0.017489187419415
46.032001495361	0.00078258279245347	0.017410846427083
46.048000335693	0.0010510006686673	0.017328575253487
46.063999176025	0.0013166586868465	0.017242452129722
46.080001831055	0.0015795618528500	0.017152564600110
46.096000671387	0.0018396835075691	0.017058985307813
46.111999511719	0.0020969826728106	0.016961799934506
46.127998352051	0.0023514530621469	0.016861081123352
46.144001007080	0.0026030568405986	0.016756901517510
46.159999847412	0.0028518051840365	0.016649330034852
46.175998687744	0.0030976478010416	0.016538439318538
46.192001342773	0.0033405981957912	0.016424294561148
46.208000183105	0.0035806221421808	0.016306957229972
46.223999023438	0.0038177194073796	0.016186490654945
46.240001678467	0.0040518888272345	0.016062948852777
46.256000518799	0.0042830985039473	0.015936393290758
46.271999359131	0.0045113479718566	0.015806874260306
46.287998199463	0.0047366064973176	0.015674451366067
46.304000854492	0.0049588726833463	0.015539166517556
46.319999694824	0.0051781609654427	0.015401064418256
46.335998535156	0.0053944252431393	0.015260198153555
46.352001190186	0.0056076622568071	0.015116609632969
46.368000030518	0.0058178692124784	0.014970335178077
46.383998870850	0.0060250144451857	0.014821424148977
46.400001525879	0.0062290919013321	0.014669907279313
46.416000366211	0.0064300689846277	0.014515832066536
46.431999206543	0.0066279526799917	0.014359222725034
46.448001861572	0.0068226940929890	0.014200127683580
46.464000701904	0.0070142978802323	0.014038569293916
46.479999542236	0.0072027123533189	0.013874595984817
46.495998382568	0.0073879417032003	0.013708227314055
46.512001037598	0.0075699333101511	0.013539509847760
46.527999877930	0.0077486606314778	0.013368478976190
46.543998718262	0.0079241087660193	0.013195157982409
46.560001373291	0.0080962376669049	0.013019587844610
46.576000213623	0.0082649923861027	0.012841816060245
46.591999053955	0.0084303542971611	0.012661870568991
46.608001708984	0.0085922814905643	0.012479790486395
46.624000549316	0.0087507432326674	0.012295612134039
46.639999389648	0.0089056817814708	0.012109387665987
46.655998229980	0.0090570645406842	0.011921151541173
46.672000885010	0.0092048263177276	0.011730968952179
46.687999725342	0.0093489438295364	0.011538869701326
46.703998565674	0.0094893602654338	0.011344911530614
46.720001220703	0.0096260346472263	0.011149144731462
46.736000061035	0.0097589092329144	0.010951630771160
46.751998901367	0.0098879327997565	0.010752434842288
46.768001556396	0.010013061575592	0.010551611892879
46.784000396729	0.010134246200323	0.010349231772125
46.799999237061	0.010251434519887	0.010145361535251
46.816001892090	0.010364579968154	0.0099400775507092
46.832000732422	0.010473635047674	0.0097334515303373
46.847999572754	0.010578544810414	0.0095255719497800
46.863998413086	0.010679259896278	0.0093165291473269
46.880001068115	0.010775741189718	0.0091064060106874
46.895999908447	0.010867950506508	0.0088952844962478
46.911998748779	0.010955837555230	0.0086832735687494
46.928001403809	0.011039364151657	0.0084704710170627
46.944000244141	0.011118501424789	0.0082569699734449
46.959999084473	0.011193197220564	0.0080429054796696
46.976001739502	0.011263446882367	0.0078283501788974
46.992000579834	0.011329204775393	0.0076134465634823
47.007999420166	0.011390453204513	0.0073983003385365
47.023998260498	0.011447165161371	0.0071830479428172
47.040000915527	0.011499341577291	0.0069677894935012
47.055999755859	0.011546965688467	0.0067526614293456
47.071998596191	0.011590020731091	0.0065378104336560
47.088001251221	0.011628516949713	0.0063233529217541
47.104000091553	0.011662462726235	0.0061094164848328
47.119998931885	0.011691862717271	0.0058961501345038
47.136001586914	0.011716731823981	0.0056836931034923
47.152000427246	0.011737097986042	0.0054721729829907
47.167999267578	0.011752986349165	0.0052617378532887
47.183998107910	0.011764435097575	0.0050525260157883
47.200000762939	0.011771482415497	0.0048446846194565
47.215999603271	0.011774179525673	0.0046383473090827
47.231998443604	0.011772580444813	0.0044336589053273
47.248001098633	0.011766739189625	0.0042307833209634
47.263999938965	0.011756745167077	0.0040298034437001
47.279998779297	0.011742654256523	0.0038309113588184
47.296001434326	0.011724559590220	0.0036342181265354
47.312000274658	0.011702551506460	0.0034398532006890
47.327999114990	0.011676720343530	0.0032479753717780
47.344001770020	0.011647179722786	0.0030586724169552
47.360000610352	0.011614034883678	0.0028720942791551
47.375999450684	0.011577404104173	0.0026883527170867
47.391998291016	0.011537411250174	0.0025075767189264
47.408000946045	0.011494188569486	0.0023298666346818
47.423999786377	0.011447876691818	0.0021553069818765
47.439998626709	0.011398611590266	0.0019840414170176
47.456001281738	0.011346549727023	0.0018161308253184
47.472000122070	0.011291843838990	0.0016516734613106
47.487998962402	0.011234653182328	0.0014907385921106
47.504001617432	0.011175143532455	0.0013334213290364
47.520000457764	0.011113488115370	0.0011797561310232
47.535999298096	0.011049856431782	0.0010298343840986
47.551998138428	0.010984431020916	0.00088368676370010
47.568000793457	0.010917392559350	0.00074134784517810
47.583999633789	0.010848926380277	0.00060286588268355
47.599998474121	0.010779221542180	0.00046825050958432
47.616001129150	0.010708467103541	0.00033750489819795
47.631999969482	0.010636855848134	0.00021066595218144
47.647998809814	0.010564579628408	8.7682507000864e-05
47.664001464844	0.010491834022105	-3.1411946110893e-05
47.680000305176	0.010418811812997	-0.00014669082884211
47.695999145508	0.010345708578825	-0.00025817303685471
47.712001800537	0.010272715240717	-0.00036589324008673
47.728000640869	0.010200023651123	-0.00046993073192425
47.743999481201	0.010127823799849	-0.00057033979101107
47.759998321533	0.010056302882731	-0.00066718924790621
47.776000976562	0.0099856434389949	-0.00076059933053330
47.791999816895	0.0099160252138972	-0.00085063627921045
47.807998657227	0.0098476223647594	-0.00093743554316461
47.824001312256	0.0097806062549353	-0.0010211063781753
47.840000152588	0.0097151426598430	-0.0011017690412700
47.855998992920	0.0096513871103525	-0.0011795819737017
47.872001647949	0.0095894923433661	-0.0012546764919534
47.888000488281	0.0095296036452055	-0.0013272205833346
47.903999328613	0.0094718569889665	-0.0013973632594571
47.919998168945	0.0094163799658418	-0.0014652982354164
47.936000823975	0.0093632917851210	-0.0015312082832679
47.951999664307	0.0093127004802227	-0.0015952739631757
47.967998504639	0.0092647094279528	-0.0016576830530539
47.984001159668	0.0092194043099880	-0.0017186646582559
48.000000000000	0.0091768624261022	-0.0017784180818126
48.015998840332	0.0091371545568109	-0.0018371489131823
48.032001495361	0.0091003337875009	-0.0018950850935653
48.048000335693	0.0090664448216558	-0.0019524516537786
48.063999176025	0.0090355137363076	-0.0020094867795706
48.080001831055	0.0090075619518757	-0.0020664168987423
48.096000671387	0.0089825959876180	-0.0021234650630504
48.111999511719	0.0089606037363410	-0.0021808857563883
48.127998352051	0.0089415684342384	-0.0022388952784240
48.144001007080	0.0089254509657621	-0.0022977506741881
48.159999847412	0.0089122001081705	-0.0023576880339533
48.175998687744	0.0089017609134316	-0.0024189339019358
48.192001342773	0.0088940486311913	-0.0024817283265293
48.208000183105	0.0088889747858047	-0.0025463104248047
48.223999023438	0.0088864397257566	-0.0026128916069865
48.240001678467	0.0088863186538219	-0.0026817158795893
48.256000518799	0.0088884839788079	-0.0027529911603779
48.271999359131	0.0088927876204252	-0.0028269330505282
48.287998199463	0.0088990749791265	-0.0029037480708212
48.304000854492	0.0089071709662676	-0.0029836413450539
48.319999694824	0.0089168930426240	-0.0030667982064188
48.335998535156	0.0089280456304550	-0.0031534044537693
48.352001190186	0.0089404173195362	-0.0032436340115964
48.368000030518	0.0089537911117077	-0.0033376519568264
48.383998870850	0.0089679369702935	-0.0034356031101197
48.400001525879	0.0089826099574566	-0.0035376381129026
48.416000366211	0.0089975614100695	-0.0036438787356019
48.431999206543	0.0090125305578113	-0.0037544430233538
48.448001861572	0.0090272435918450	-0.0038694357499480
48.464000701904	0.0090414248406887	-0.0039889495819807
48.479999542236	0.0090547939762473	-0.0041130445897579
48.495998382568	0.0090670567005873	-0.0042417817749083
48.512001037598	0.0090779243037105	-0.0043751918710768
48.527999877930	0.0090870689600706	-0.0045133479870856
48.543998718262	0.0090942112728953	-0.0046562105417252
48.560001373291	0.0090990401804447	-0.0048037767410278
48.576000213623	0.0091012148186564	-0.0049560735933483
48.591999053955	0.0091004595160484	-0.0051129902713001
48.608001708984	0.0090964259579778	-0.0052745337598026
48.624000549316	0.0090888263657689	-0.0054405783303082
48.639999389648	0.0090773357078433	-0.0056110541336238
48.655998229980	0.0090616391971707	-0.0057858545333147
48.672000885010	0.0090414434671402	-0.0059648328460753
48.687999725342	0.0090164402499795	-0.0061478461138904
48.703998565674	0.0089863175526261	-0.0063347551040351
48.720001220703	0.0089508118107915	-0.0065253386273980
48.736000061035	0.0089096091687679	-0.0067194355651736
48.751998901367	0.0088624451309443	-0.0069168144837022
48.768001556396	0.0088090533390641	-0.0071172448806465
48.784000396729	0.0087491841986775	-0.0073204641230404
48.799999237061	0.0086825760081410	-0.0075262333266437
48.816001892090	0.0086090015247464	-0.0077342628501356
48.832000732422	0.0085282446816564	-0.0079442495480180
48.847999572754	0.0084400912746787	-0.0081558972597122
48.863998413086	0.0083443354815245	-0.0083688925951719
48.880001068115	0.0082408310845494	-0.0085828751325607
48.895999908447	0.0081293797120452	-0.0087975310161710
48.911998748779	0.0080098630860448	-0.0090124756097794
48.928001403809	0.0078821256756783	-0.0092273699119687
48.944000244141	0.0077460785396397	-0.0094418181106448
48.959999084473	0.0076016257517040	-0.0096554365009069
48.976001739502	0.0074486923404038	-0.0098678385838866
48.992000579834	0.0072872210294008	-0.010078626684844
49.007999420166	0.0071171941235662	-0.010287384502590
49.023998260498	0.0069385883398354	-0.010493715293705
49.040000915527	0.0067514078691602	-0.010697206482291
49.055999755859	0.0065557016059756	-0.010897432453930
49.071998596191	0.0063514872454107	-0.011093999259174
49.088001251221	0.0061388779431581	-0.011286466382444
49.104000091553	0.0059179360978305	-0.011474439874291
49.119998931885	0.0056887990795076	-0.011657495051622
49.136001586914	0.0054515944793820	-0.011835227720439
49.152000427246	0.0052064824849367	-0.012007236480713
49.167999267578	0.0049536572769284	-0.012173117138445
49.183998107910	0.0046933125704527	-0.012332482263446
49.200000762939	0.0044256630353630	-0.012484953738749
49.215999603271	0.0041509661823511	-0.012630151584744
49.231998443604	0.0038694678805768	-0.012767722830176
49.248001098633	0.0035814675502479	-0.012897308915854
49.263999938965	0.0032872618176043	-0.013018574565649
49.279998779297	0.0029871901497245	-0.013131191022694
49.296001434326	0.0026815477758646	-0.013234859332442
49.312000274658	0.0023707235231996	-0.013329278677702
49.327999114990	0.0020551097113639	-0.013414171524346
49.344001770020	0.0017350253183395	-0.013489289209247
49.360000610352	0.0014109450858086	-0.013554380275309
49.375999450684	0.0010832416592166	-0.013609231449664
49.391998291016	0.00075235211988911	-0.013653642497957
49.408000946045	0.00041869888082147	-0.013687433674932
49.423999786377	8.2767175626941e-05	-0.013710447587073
49.439998626709	-0.00025501390337013	-0.013722551055253
49.456001281738	-0.00059414200950414	-0.013723633252084
49.472000122070	-0.00093419983750209	-0.013713604770601
49.487998962402	-0.0012746729189530	-0.013692399486899
49.504001617432	-0.0016150823794305	-0.013659981079400
49.520000457764	-0.0019549464341253	-0.013616334646940
49.535999298096	-0.0022937827743590	-0.013561465777457
49.551998138428	-0.0026311085093766	-0.013495409861207
49.568000793457	-0.0029664295725524	-0.013418225571513
49.583999633789	-0.0032992558553815	-0.013330001384020
49.599998474121	-0.0036291393917054	-0.013230836018920
49.616001129150	-0.0039555625990033	-0.013120876625180
49.631999969482	-0.0042780907824636	-0.013000271283090
49.647998809814	-0.0045962599106133	-0.012869202531874
49.664001464844	-0.0049096290022135	-0.012727874331176
49.680000305176	-0.0052177449688315	-0.012576520442963
49.695999145508	-0.0055201910436153	-0.012415387667716
49.712001800537	-0.0058165416121483	-0.012244755402207
49.728000640869	-0.0061064213514328	-0.012064907699823
49.743999481201	-0.0063894260674715	-0.011876169592142
49.759998321533	-0.0066652153618634	-0.011678862385452
49.776000976562	-0.0069334325380623	-0.011473344638944
49.791999816895	-0.0071937441825867	-0.011259989812970
49.807998657227	-0.0074458350427449	-0.011039188131690
49.824001312256	-0.0076894382946193	-0.010811333544552
49.840000152588	-0.0079242847859859	-0.010576841421425
49.855998992920	-0.0081501314416528	-0.010336145758629
49.872001647949	-0.0083667514845729	-0.010089694522321
49.888000488281	-0.0085739707574248	-0.0098379235714674
49.903999328613	-0.0087716132402420	-0.0095812985673547
49.919998168945	-0.0089595317840576	-0.0093202944844961
49.936000823975	-0.0091376118361950	-0.0090553816407919
49.951999664307	-0.0093057602643967	-0.0087870415300131
49.967998504639	-0.0094639305025339	-0.0085157398134470
49.984001159668	-0.0096120657399297	-0.0082419794052839
50.000000000000	-0.0097501650452614	-0.0079662343487144
