34.000000000000	0.62892013788223	 -0.36982131004333	49.550467227448	0.0000000000000
34.015998840332	0.62474018335342	 -0.37548029422760	49.550467227448	0.0000000000000
34.032001495361	0.62050414085388	 -0.38110545277596	49.550467227448	0.0000000000000
34.048000335693	0.61621171236038	 -0.38669639825821	49.550467227448	0.0000000000000
34.063999176025	0.61186230182648	 -0.39225274324417	49.550467227448	0.0000000000000
34.080001831055	0.60745561122894	 -0.39777389168739	49.550467227448	0.0000000000000
34.096000671387	0.60299110412598	 -0.40325939655304	49.550467227448	0.0000000000000
34.111999511719	0.59846848249435	 -0.40870857238770	49.550467227448	0.0000000000000
34.127998352051	0.59388732910156	 -0.41412091255188	49.550467227448	0.0000000000000
34.144001007080	0.58924698829651	 -0.41949561238289	49.550467227448	0.0000000000000
34.159999847412	0.58454728126526	 -0.42483192682266	49.550467227448	0.0000000000000
34.175998687744	0.57978773117065	 -0.43012920022011	49.550467227448	0.0000000000000
34.192001342773	0.57496798038483	 -0.43538647890091	49.550467227448	0.0000000000000
34.208000183105	0.57008755207062	 -0.44060286879539	49.550467227448	0.0000000000000
34.223999023438	0.56514614820480	 -0.44577750563622	49.550467227448	0.0000000000000
34.240001678467	0.56014353036880	 -0.45090937614441	49.550467227448	0.0000000000000
34.256000518799	0.55507928133011	 -0.45599743723869	49.550467227448	0.0000000000000
34.271999359131	0.54995310306549	 -0.46104064583778	49.550467227448	0.0000000000000
34.287998199463	0.54476481676102	 -0.46603792905807	49.550467227448	0.0000000000000
34.304000854492	0.53951424360275	 -0.47098806500435	49.550467227448	0.0000000000000
34.319999694824	0.53420114517212	 -0.47588983178139	49.550467227448	0.0000000000000
34.335998535156	0.52882534265518	 -0.48074209690094	49.550467227448	0.0000000000000
34.352001190186	0.52338683605194	 -0.48554357886314	49.550467227448	0.0000000000000
34.368000030518	0.51788556575775	 -0.49029284715652	49.550467227448	0.0000000000000
34.383998870850	0.51232141256332	 -0.49498870968819	49.550467227448	0.0000000000000
34.400001525879	0.50669449567795	 -0.49962979555130	49.550467227448	0.0000000000000
34.416000366211	0.50100487470627	 -0.50421458482742	49.550467227448	0.0000000000000
34.431999206543	0.49525263905525	 -0.50874185562134	49.550467227448	0.0000000000000
34.448001861572	0.48943805694580	 -0.51320999860764	49.550467227448	0.0000000000000
34.464000701904	0.48356130719185	 -0.51761764287949	49.550467227448	0.0000000000000
34.479999542236	0.47762268781662	 -0.52196329832077	49.550467227448	0.0000000000000
34.495998382568	0.47162246704102	 -0.52624541521072	49.550467227448	0.0000000000000
34.512001037598	0.46556115150452	 -0.53046268224716	49.550467227448	0.0000000000000
34.527999877930	0.45943912863731	 -0.53461331129074	49.550467227448	0.0000000000000
34.543998718262	0.45325696468353	 -0.53869605064392	49.550467227448	0.0000000000000
34.560001373291	0.44701510667801	 -0.54270917177200	49.550467227448	0.0000000000000
34.576000213623	0.44071432948112	 -0.54665124416351	49.550467227448	0.0000000000000
34.591999053955	0.43435516953468	 -0.55052077770233	49.550467227448	0.0000000000000
34.608001708984	0.42793840169907	 -0.55431616306305	49.550467227448	0.0000000000000
34.624000549316	0.42146492004395	 -0.55803596973419	49.550467227448	0.0000000000000
34.639999389648	0.41493546962738	 -0.56167858839035	49.550467227448	0.0000000000000
34.655998229980	0.40835079550743	 -0.56524270772934	49.550467227448	0.0000000000000
34.672000885010	0.40171200037003	 -0.56872677803040	49.550467227448	0.0000000000000
34.687999725342	0.39502027630806	 -0.57212913036346	49.550467227448	0.0000000000000
34.703998565674	0.38827651739120	 -0.57544857263565	49.550467227448	0.0000000000000
34.720001220703	0.38148176670074	 -0.57868367433548	49.550467227448	0.0000000000000
34.736000061035	0.37463748455048	 -0.58183282613754	49.550467227448	0.0000000000000
34.751998901367	0.36774420738220	 -0.58489501476288	49.550467227448	0.0000000000000
34.768001556396	0.36080425977707	 -0.58786839246750	49.550467227448	0.0000000000000
34.784000396729	0.35381779074669	 -0.59075230360031	49.550467227448	0.0000000000000
34.799999237061	0.34678694605827	 -0.59354501962662	49.550467227448	0.0000000000000
34.816001892090	0.33971291780472	 -0.59624528884888	49.550467227448	0.0000000000000
34.832000732422	0.33259734511375	 -0.59885191917419	49.550467227448	0.0000000000000
34.847999572754	0.32544144988060	 -0.60136383771896	49.550467227448	0.0000000000000
34.863998413086	0.31824654340744	 -0.60378009080887	49.550467227448	0.0000000000000
34.880001068115	0.31101474165916	 -0.60609918832779	49.550467227448	0.0000000000000
34.895999908447	0.30374699831009	 -0.60832053422928	49.550467227448	0.0000000000000
34.911998748779	0.29644581675529	 -0.61044257879257	49.550467227448	0.0000000000000
34.928001403809	0.28911197185516	 -0.61246478557587	49.550467227448	0.0000000000000
34.944000244141	0.28174766898155	 -0.61438602209091	49.550467227448	0.0000000000000
34.959999084473	0.27435433864594	 -0.61620545387268	49.550467227448	0.0000000000000
34.976001739502	0.26693430542946	 -0.61792224645615	49.550467227448	0.0000000000000
34.992000579834	0.25948837399483	 -0.61953574419022	49.550467227448	0.0000000000000
35.007999420166	0.25201925635338	 -0.62104493379593	49.550467227448	0.0000000000000
35.023998260498	0.24452818930149	 -0.62244939804077	49.550467227448	0.0000000000000
35.040000915527	0.23701719939709	 -0.62374836206436	49.550467227448	0.0000000000000
35.055999755859	0.22948828339577	 -0.62494117021561	49.550467227448	0.0000000000000
35.071998596191	0.22194275259972	 -0.62602746486664	49.550467227448	0.0000000000000
35.088001251221	0.21438314020634	 -0.62700647115707	49.550467227448	0.0000000000000
35.104000091553	0.20681104063988	 -0.62787789106369	49.550467227448	0.0000000000000
35.119998931885	0.19922788441181	 -0.62864142656326	49.550467227448	0.0000000000000
35.136001586914	0.19163645803928	 -0.62929654121399	49.550467227448	0.0000000000000
35.152000427246	0.18403786420822	 -0.62984293699265	49.550467227448	0.0000000000000
35.167999267578	0.17643430829048	 -0.63028037548065	49.550467227448	0.0000000000000
35.183998107910	0.16882783174515	 -0.63060861825943	49.550467227448	0.0000000000000
35.200000762939	0.16121990978718	 -0.63082748651505	49.550467227448	0.0000000000000
35.215999603271	0.15361265838146	 -0.63093686103821	49.550467227448	0.0000000000000
35.231998443604	0.14600837230682	 -0.63093656301498	49.550467227448	0.0000000000000
35.248001098633	0.13840802013874	 -0.63082653284073	49.550467227448	0.0000000000000
35.263999938965	0.13081423938274	 -0.63060683012009	49.550467227448	0.0000000000000
35.279998779297	0.12322857975960	 -0.63027745485306	49.550467227448	0.0000000000000
35.296001434326	0.11565297842026	 -0.62983828783035	49.550467227448	0.0000000000000
35.312000274658	0.10808923095465	 -0.62928962707520	49.550467227448	0.0000000000000
35.327999114990	0.10053915530443	 -0.62863165140152	49.550467227448	0.0000000000000
35.344001770020	0.093004763126373	 -0.62786424160004	49.550467227448	0.0000000000000
35.360000610352	0.085487574338913	 -0.62698775529861	49.550467227448	0.0000000000000
35.375999450684	0.077989540994167	 -0.62600237131119	49.550467227448	0.0000000000000
35.391998291016	0.070512495934963	 -0.62490844726562	49.550467227448	0.0000000000000
35.408000946045	0.063058137893677	 -0.62370616197586	49.550467227448	0.0000000000000
35.423999786377	0.055628310889006	 -0.62239575386047	49.550467227448	0.0000000000000
35.439998626709	0.048224627971649	 -0.62097769975662	49.550467227448	0.0000000000000
35.456001281738	0.040848869830370	 -0.61945229768753	49.550467227448	0.0000000000000
35.472000122070	0.033502791076899	 -0.61781990528107	49.550467227448	0.0000000000000
35.487998962402	0.026188092306256	 -0.61608093976974	49.550467227448	0.0000000000000
35.504001617432	0.018906531855464	 -0.61423587799072	49.550467227448	0.0000000000000
35.520000457764	0.011659721843898	 -0.61228513717651	49.550467227448	0.0000000000000
35.535999298096	0.0044492799788713	 -0.61022907495499	49.550467227448	0.0000000000000
35.551998138428	 -0.0027230337727815	 -0.60806834697723	49.550467227448	0.0000000000000
35.568000793457	 -0.0098556084558368	 -0.60580337047577	49.550467227448	0.0000000000000
35.583999633789	 -0.016946757212281	 -0.60343468189240	49.550467227448	0.0000000000000
35.599998474121	 -0.023995015770197	 -0.60096281766891	49.550467227448	0.0000000000000
35.616001129150	 -0.030998552218080	 -0.59838831424713	49.550467227448	0.0000000000000
35.631999969482	 -0.037955962121487	 -0.59571170806885	49.550467227448	0.0000000000000
35.647998809814	 -0.044865429401398	 -0.59293365478516	49.550467227448	0.0000000000000
35.664001464844	 -0.051725536584854	 -0.59005469083786	49.550467227448	0.0000000000000
35.680000305176	 -0.058534674346447	 -0.58707553148270	49.550467227448	0.0000000000000
35.695999145508	 -0.065291143953800	 -0.58399671316147	49.550467227448	0.0000000000000
35.712001800537	 -0.071993522346020	 -0.58081877231598	49.550467227448	0.0000000000000
35.728000640869	 -0.078640140593052	 -0.57754260301590	49.550467227448	0.0000000000000
35.743999481201	 -0.085229404270649	 -0.57416868209839	49.550467227448	0.0000000000000
35.759998321533	 -0.091759763658047	 -0.57069784402847	49.550467227448	0.0000000000000
35.776000976562	 -0.098229773342609	 -0.56713056564331	49.550467227448	0.0000000000000
35.791999816895	 -0.10463759303093	 -0.56346780061722	49.550467227448	0.0000000000000
35.807998657227	 -0.11098196357489	 -0.55971002578735	49.550467227448	0.0000000000000
35.824001312256	 -0.11726108938456	 -0.55585807561874	49.550467227448	0.0000000000000
35.840000152588	 -0.12347351759672	 -0.55191278457642	49.550467227448	0.0000000000000
35.855998992920	 -0.12961751222610	 -0.54787492752075	49.550467227448	0.0000000000000
35.872001647949	 -0.13569171726704	 -0.54374521970749	49.550467227448	0.0000000000000
35.888000488281	 -0.14169438183308	 -0.53952443599701	49.550467227448	0.0000000000000
35.903999328613	 -0.14762394130230	 -0.53521347045898	49.550467227448	0.0000000000000
35.919998168945	 -0.15347878634930	 -0.53081309795380	49.550467227448	0.0000000000000
35.936000823975	 -0.15925741195679	 -0.52632427215576	49.550467227448	0.0000000000000
35.951999664307	 -0.16495808959007	 -0.52174788713455	49.550467227448	0.0000000000000
35.967998504639	 -0.17057913541794	 -0.51708477735519	49.550467227448	0.0000000000000
35.984001159668	 -0.17611904442310	 -0.51233595609665	49.550467227448	0.0000000000000
36.000000000000	 -0.18157616257668	 -0.50750237703323	49.550467227448	0.0000000000000
36.015998840332	 -0.18694879114628	 -0.50258505344391	49.550467227448	0.0000000000000
36.032001495361	 -0.19223533570766	 -0.49758487939835	49.550467227448	0.0000000000000
36.048000335693	 -0.19743405282497	 -0.49250304698944	49.550467227448	0.0000000000000
36.063999176025	 -0.20254337787628	 -0.48734065890312	49.550467227448	0.0000000000000
36.080001831055	 -0.20756152272224	 -0.48209881782532	49.550467227448	0.0000000000000
36.096000671387	 -0.21248678863049	 -0.47677862644196	49.550467227448	0.0000000000000
36.111999511719	 -0.21731761097908	 -0.47138136625290	49.550467227448	0.0000000000000
36.127998352051	 -0.22205217182636	 -0.46590816974640	49.550467227448	0.0000000000000
36.144001007080	 -0.22668890655041	 -0.46036043763161	49.550467227448	0.0000000000000
36.159999847412	 -0.23122590780258	 -0.45473939180374	49.550467227448	0.0000000000000
36.175998687744	 -0.23566161096096	 -0.44904652237892	49.550467227448	0.0000000000000
36.192001342773	 -0.23999425768852	 -0.44328314065933	49.550467227448	0.0000000000000
36.208000183105	 -0.24422208964825	 -0.43745073676109	49.550467227448	0.0000000000000
36.223999023438	 -0.24834354221821	 -0.43155077099800	49.550467227448	0.0000000000000
36.240001678467	 -0.25235676765442	 -0.42558491230011	49.550467227448	0.0000000000000
36.256000518799	 -0.25626003742218	 -0.41955471038818	49.550467227448	0.0000000000000
36.271999359131	 -0.26005163788795	 -0.41346189379692	49.550467227448	0.0000000000000
36.287998199463	 -0.26373001933098	 -0.40730810165405	49.550467227448	0.0000000000000
36.304000854492	 -0.26729345321655	 -0.40109515190125	49.550467227448	0.0000000000000
36.319999694824	 -0.27074018120766	 -0.39482486248016	49.550467227448	0.0000000000000
36.335998535156	 -0.27406844496727	 -0.38849925994873	49.550467227448	0.0000000000000
36.352001190186	 -0.27727684378624	 -0.38212010264397	49.550467227448	0.0000000000000
36.368000030518	 -0.28036350011826	 -0.37568962574005	49.550467227448	0.0000000000000
36.383998870850	 -0.28332710266113	 -0.36920970678329	49.550467227448	0.0000000000000
36.400001525879	 -0.28616583347321	 -0.36268261075020	49.550467227448	0.0000000000000
36.416000366211	 -0.28887823224068	 -0.35611045360565	49.550467227448	0.0000000000000
36.431999206543	 -0.29146263003349	 -0.34949567914009	49.550467227448	0.0000000000000
36.448001861572	 -0.29391768574715	 -0.34284046292305	49.550467227448	0.0000000000000
36.464000701904	 -0.29624184966087	 -0.33614724874496	49.550467227448	0.0000000000000
36.479999542236	 -0.29843384027481	 -0.32941845059395	49.550467227448	0.0000000000000
36.495998382568	 -0.30049198865891	 -0.32265672087669	49.550467227448	0.0000000000000
36.512001037598	 -0.30241513252258	 -0.31586465239525	49.550467227448	0.0000000000000
36.527999877930	 -0.30420187115669	 -0.30904486775398	49.550467227448	0.0000000000000
36.543998718262	 -0.30585113167763	 -0.30220001935959	49.550467227448	0.0000000000000
36.560001373291	 -0.30736163258553	 -0.29533287882805	49.550467227448	0.0000000000000
36.576000213623	 -0.30873209238052	 -0.28844645619392	49.550467227448	0.0000000000000
36.591999053955	 -0.30996155738831	 -0.28154361248016	49.550467227448	0.0000000000000
36.608001708984	 -0.31104898452759	 -0.27462723851204	49.550467227448	0.0000000000000
36.624000549316	 -0.31199347972870	 -0.26770034432411	49.550467227448	0.0000000000000
36.639999389648	 -0.31279397010803	 -0.26076617836952	49.550467227448	0.0000000000000
36.655998229980	 -0.31344980001450	 -0.25382784008980	49.550467227448	0.0000000000000
36.672000885010	 -0.31396019458771	 -0.24688841402531	49.550467227448	0.0000000000000
36.687999725342	 -0.31432449817657	 -0.23995111882687	49.550467227448	0.0000000000000
36.703998565674	 -0.31454202532768	 -0.23301956057549	49.550467227448	0.0000000000000
36.720001220703	 -0.31461229920387	 -0.22609691321850	49.550467227448	0.0000000000000
36.736000061035	 -0.31453502178192	 -0.21918646991253	49.550467227448	0.0000000000000
36.751998901367	 -0.31430977582932	 -0.21229176223278	49.550467227448	0.0000000000000
36.768001556396	 -0.31393629312515	 -0.20541641116142	49.550467227448	0.0000000000000
36.784000396729	 -0.31341439485550	 -0.19856384396553	49.550467227448	0.0000000000000
36.799999237061	 -0.31274414062500	 -0.19173760712147	49.550467227448	0.0000000000000
36.816001892090	 -0.31192559003830	 -0.18494121730328	49.550467227448	0.0000000000000
36.832000732422	 -0.31095880270004	 -0.17817848920822	49.550467227448	0.0000000000000
36.847999572754	 -0.30984404683113	 -0.17145296931267	49.550467227448	0.0000000000000
36.863998413086	 -0.30858179926872	 -0.16476823389530	49.550467227448	0.0000000000000
36.880001068115	 -0.30717235803604	 -0.15812812745571	49.550467227448	0.0000000000000
36.895999908447	 -0.30561643838882	 -0.15153634548187	49.550467227448	0.0000000000000
36.911998748779	 -0.30391469597816	 -0.14499653875828	49.550467227448	0.0000000000000
36.928001403809	 -0.30206790566444	 -0.13851246237755	49.550467227448	0.0000000000000
36.944000244141	 -0.30007702112198	 -0.13208784162998	49.550467227448	0.0000000000000
36.959999084473	 -0.29794302582741	 -0.12572637200356	49.550467227448	0.0000000000000
36.976001739502	 -0.29566714167595	 -0.11943181604147	49.550467227448	0.0000000000000
36.992000579834	 -0.29325056076050	 -0.11320798844099	49.550467227448	0.0000000000000
37.007999420166	 -0.29069471359253	 -0.10705842822790	49.550467227448	0.0000000000000
37.023998260498	 -0.28800106048584	 -0.10098694264889	49.550467227448	0.0000000000000
37.040000915527	 -0.28517127037048	 -0.094997107982635	49.550467227448	0.0000000000000
37.055999755859	 -0.28220701217651	 -0.089092597365379	49.550467227448	0.0000000000000
37.071998596191	 -0.27911025285721	 -0.083276987075806	49.550467227448	0.0000000000000
37.088001251221	 -0.27588284015656	 -0.077553868293762	49.550467227448	0.0000000000000
37.104000091553	 -0.27252691984177	 -0.071926899254322	49.550467227448	0.0000000000000
37.119998931885	 -0.26904475688934	 -0.066399246454239	49.550467227448	0.0000000000000
37.136001586914	 -0.26543858647346	 -0.060974657535553	49.550467227448	0.0000000000000
37.152000427246	 -0.26171091198921	 -0.055656325072050	49.550467227448	0.0000000000000
37.167999267578	 -0.25786420702934	 -0.050447732210159	49.550467227448	0.0000000000000
37.183998107910	 -0.25390121340752	 -0.045351997017860	49.550467227448	0.0000000000000
37.200000762939	 -0.24982468783855	 -0.040372308343649	49.550467227448	0.0000000000000
37.215999603271	 -0.24563747644424	 -0.035511832684278	49.550467227448	0.0000000000000
37.231998443604	 -0.24134260416031	 -0.030773682519794	49.550467227448	0.0000000000000
37.248001098633	 -0.23694315552711	 -0.026160702109337	49.550467227448	0.0000000000000
37.263999938965	 -0.23244231939316	 -0.021675782278180	49.550467227448	0.0000000000000
37.279998779297	 -0.22784338891506	 -0.017321787774563	49.550467227448	0.0000000000000
37.296001434326	 -0.22314974665642	 -0.013101409189403	49.550467227448	0.0000000000000
37.312000274658	 -0.21836489439011	 -0.0090171284973621	49.550467227448	0.0000000000000
37.327999114990	 -0.21349237859249	 -0.0050715459510684	49.550467227448	0.0000000000000
37.344001770020	 -0.20853586494923	 -0.0012670817086473	49.550467227448	0.0000000000000
37.360000610352	 -0.20349910855293	0.0023940533865243	49.550467227448	0.0000000000000
37.375999450684	 -0.19838590919971	0.0059096794575453	49.550467227448	0.0000000000000
37.391998291016	 -0.19320017099380	0.0092776799574494	49.550467227448	0.0000000000000
37.408000946045	 -0.18794584274292	0.012496157549322	49.550467227448	0.0000000000000
37.423999786377	 -0.18262697756290	0.015563310123980	49.550467227448	0.0000000000000
37.439998626709	 -0.17724767327309	0.018477385863662	49.550467227448	0.0000000000000
37.456001281738	 -0.17181207239628	0.021236738190055	49.550467227448	0.0000000000000
37.472000122070	 -0.16632437705994	0.023840099573135	49.550467227448	0.0000000000000
37.487998962402	 -0.16078884899616	0.026286032050848	49.550467227448	0.0000000000000
37.504001617432	 -0.15520977973938	0.028573334217072	49.550467227448	0.0000000000000
37.520000457764	 -0.14959155023098	0.030700979754329	49.550467227448	0.0000000000000
37.535999298096	 -0.14393849670887	0.032668165862560	49.550467227448	0.0000000000000
37.551998138428	 -0.13825501501560	0.034474018961191	49.550467227448	0.0000000000000
37.568000793457	 -0.13254556059837	0.036117903888226	49.550467227448	0.0000000000000
37.583999633789	 -0.12681458890438	0.037599269300699	49.550467227448	0.0000000000000
37.599998474121	 -0.12106654793024	0.038917817175388	49.550467227448	0.0000000000000
37.616001129150	 -0.11530590057373	0.040073342621326	49.550467227448	0.0000000000000
37.631999969482	 -0.10953713208437	0.041065767407417	49.550467227448	0.0000000000000
37.647998809814	 -0.10376473516226	0.041895106434822	49.550467227448	0.0000000000000
37.664001464844	 -0.097993180155754	0.042561586946249	49.550467227448	0.0000000000000
37.680000305176	 -0.092226892709732	0.043065603822470	49.550467227448	0.0000000000000
37.695999145508	 -0.086470328271389	0.043407611548901	49.550467227448	0.0000000000000
37.712001800537	 -0.080727942287922	0.043588168919086	49.550467227448	0.0000000000000
37.728000640869	 -0.075004100799561	0.043608121573925	49.550467227448	0.0000000000000
37.743999481201	 -0.069303117692471	0.043468393385410	49.550467227448	0.0000000000000
37.759998321533	 -0.063629396259785	0.043169934302568	49.550467227448	0.0000000000000
37.776000976562	 -0.057987157255411	0.042713992297649	49.550467227448	0.0000000000000
37.791999816895	 -0.052380651235580	0.042101848870516	49.550467227448	0.0000000000000
37.807998657227	 -0.046814080327749	0.041334919631481	49.550467227448	0.0000000000000
37.824001312256	 -0.041291546076536	0.040414799004793	49.550467227448	0.0000000000000
37.840000152588	 -0.035817094147205	0.039343189448118	49.550467227448	0.0000000000000
37.855998992920	 -0.030394764617085	0.038121864199638	49.550467227448	0.0000000000000
37.872001647949	 -0.025028441101313	0.036752808839083	49.550467227448	0.0000000000000
37.888000488281	 -0.019722010940313	0.035238038748503	49.550467227448	0.0000000000000
37.903999328613	 -0.014479218982160	0.033579744398594	49.550467227448	0.0000000000000
37.919998168945	 -0.0093037458136678	0.031780209392309	49.550467227448	0.0000000000000
37.936000823975	 -0.0041992077603936	0.029841816052794	49.550467227448	0.0000000000000
37.951999664307	0.00083085580263287	0.027767052873969	49.550467227448	0.0000000000000
37.967998504639	0.0057830712758005	0.025558523833752	49.550467227448	0.0000000000000
37.984001159668	0.010654106736183	0.023218916729093	49.550467227448	0.0000000000000
38.000000000000	0.015440736897290	0.020751019939780	49.550467227448	0.0000000000000
38.015998840332	0.020139863714576	0.018157692626119	49.550467227448	0.0000000000000
38.032001495361	0.024748474359512	0.015441894531250	49.550467227448	0.0000000000000
38.048000335693	0.029263656586409	0.012606679461896	49.550467227448	0.0000000000000
38.063999176025	0.033682636916637	0.0096551654860377	49.550467227448	0.0000000000000
38.080001831055	0.038002748042345	0.0065904934890568	49.550467227448	0.0000000000000
38.096000671387	0.042221426963806	0.0034159715287387	49.550467227448	0.0000000000000
38.111999511719	0.046336248517036	0.00013483711518347	49.550467227448	0.0000000000000
38.127998352051	0.050344888120890	 -0.0032494673505425	49.550467227448	0.0000000000000
38.144001007080	0.054245151579380	 -0.0067335739731789	49.550467227448	0.0000000000000
38.159999847412	0.058034967631102	 -0.010313994251192	49.550467227448	0.0000000000000
38.175998687744	0.061712391674519	 -0.013987205922604	49.550467227448	0.0000000000000
38.192001342773	0.065275594592094	 -0.017749721184373	49.550467227448	0.0000000000000
38.208000183105	0.068722881376743	 -0.021597890183330	49.550467227448	0.0000000000000
38.223999023438	0.072052679955959	 -0.025528121739626	49.550467227448	0.0000000000000
38.240001678467	0.075263552367687	 -0.029536794871092	49.550467227448	0.0000000000000
38.256000518799	0.078354164958000	 -0.033620286732912	49.550467227448	0.0000000000000
38.271999359131	0.081323303282261	 -0.037774965167046	49.550467227448	0.0000000000000
38.287998199463	0.084169931709766	 -0.041997097432613	49.550467227448	0.0000000000000
38.304000854492	0.086893111467361	 -0.046282995492220	49.550467227448	0.0000000000000
38.319999694824	0.089491970837116	 -0.050629094243050	49.550467227448	0.0000000000000
38.335998535156	0.091965869069099	 -0.055031634867191	49.550467227448	0.0000000000000
38.352001190186	0.094314187765121	 -0.059487026184797	49.550467227448	0.0000000000000
38.368000030518	0.096536472439766	 -0.063991628587246	49.550467227448	0.0000000000000
38.383998870850	0.098632417619228	 -0.068541795015335	49.550467227448	0.0000000000000
38.400001525879	0.10060176253319	 -0.073133967816830	49.550467227448	0.0000000000000
38.416000366211	0.10244442522526	 -0.077764570713043	49.550467227448	0.0000000000000
38.431999206543	0.10416040569544	 -0.082430087029934	49.550467227448	0.0000000000000
38.448001861572	0.10574980825186	 -0.087127029895782	49.550467227448	0.0000000000000
38.464000701904	0.10721285641193	 -0.091851904988289	49.550467227448	0.0000000000000
38.479999542236	0.10854987800121	 -0.096601411700249	49.550467227448	0.0000000000000
38.495998382568	0.10976126790047	 -0.10137213766575	49.550467227448	0.0000000000000
38.512001037598	0.11084770411253	 -0.10616068542004	49.550467227448	0.0000000000000
38.527999877930	0.11180962622166	 -0.11096394807100	49.550467227448	0.0000000000000
38.543998718262	0.11264783889055	 -0.11577867716551	49.550467227448	0.0000000000000
38.560001373291	0.11336319148540	 -0.12060171365738	49.550467227448	0.0000000000000
38.576000213623	0.11395652592182	 -0.12543003261089	49.550467227448	0.0000000000000
38.591999053955	0.11442883312702	 -0.13026060163975	49.550467227448	0.0000000000000
38.608001708984	0.11478117853403	 -0.13509055972099	49.550467227448	0.0000000000000
38.624000549316	0.11501464992762	 -0.13991700112820	49.550467227448	0.0000000000000
38.639999389648	0.11513051390648	 -0.14473715424538	49.550467227448	0.0000000000000
38.655998229980	0.11513008922338	 -0.14954824745655	49.550467227448	0.0000000000000
38.672000885010	0.11501465737820	 -0.15434771776199	49.550467227448	0.0000000000000
38.687999725342	0.11478560417891	 -0.15913301706314	49.550467227448	0.0000000000000
38.703998565674	0.11444438248873	 -0.16390170156956	49.550467227448	0.0000000000000
38.720001220703	0.11399264633656	 -0.16865125298500	49.550467227448	0.0000000000000
38.736000061035	0.11343172192574	 -0.17337955534458	49.550467227448	0.0000000000000
38.751998901367	0.11276341974735	 -0.17808422446251	49.550467227448	0.0000000000000
38.768001556396	0.11198928207159	 -0.18276323378086	49.550467227448	0.0000000000000
38.784000396729	0.11111104488373	 -0.18741445243359	49.550467227448	0.0000000000000
38.799999237061	0.11013033986092	 -0.19203600287437	49.550467227448	0.0000000000000
38.816001892090	0.10904903709888	 -0.19662588834763	49.550467227448	0.0000000000000
38.832000732422	0.10786886513233	 -0.20118239521980	49.550467227448	0.0000000000000
38.847999572754	0.10659150779247	 -0.20570383965969	49.550467227448	0.0000000000000
38.863998413086	0.10521893203259	 -0.21018852293491	49.550467227448	0.0000000000000
38.880001068115	0.10375293344259	 -0.21463491022587	49.550467227448	0.0000000000000
38.895999908447	0.10219522565603	 -0.21904163062572	49.550467227448	0.0000000000000
38.911998748779	0.10054787993431	 -0.22340717911720	49.550467227448	0.0000000000000
38.928001403809	0.098812490701675	 -0.22773037850857	49.550467227448	0.0000000000000
38.944000244141	0.096990838646889	 -0.23201005160809	49.550467227448	0.0000000000000
38.959999084473	0.095085233449936	 -0.23624481260777	49.550467227448	0.0000000000000
38.976001739502	0.093097202479839	 -0.24043384194374	49.550467227448	0.0000000000000
38.992000579834	0.091028489172459	 -0.24457608163357	49.550467227448	0.0000000000000
39.007999420166	0.088880889117718	 -0.24867071211338	49.550467227448	0.0000000000000
39.023998260498	0.086656324565411	 -0.25271677970886	49.550467227448	0.0000000000000
39.040000915527	0.084356367588043	 -0.25671359896660	49.550467227448	0.0000000000000
39.055999755859	0.081983372569084	 -0.26066032052040	49.550467227448	0.0000000000000
39.071998596191	0.079538218677044	 -0.26455658674240	49.550467227448	0.0000000000000
39.088001251221	0.077023170888424	 -0.26840162277222	49.550467227448	0.0000000000000
39.104000091553	0.074439637362957	 -0.27219498157501	49.550467227448	0.0000000000000
39.119998931885	0.071789450943470	 -0.27593615651131	49.550467227448	0.0000000000000
39.136001586914	0.069074042141438	 -0.27962487936020	49.550467227448	0.0000000000000
39.152000427246	0.066294893622398	 -0.28326076269150	49.550467227448	0.0000000000000
39.167999267578	0.063453733921051	 -0.28684347867966	49.550467227448	0.0000000000000
39.183998107910	0.060552109032869	 -0.29037275910378	49.550467227448	0.0000000000000
39.200000762939	0.057590965181589	 -0.29384857416153	49.550467227448	0.0000000000000
39.215999603271	0.054572731256485	 -0.29727050662041	49.550467227448	0.0000000000000
39.231998443604	0.051497839391232	 -0.30063867568970	49.550467227448	0.0000000000000
39.248001098633	0.048367924988270	 -0.30395290255547	49.550467227448	0.0000000000000
39.263999938965	0.045184001326561	 -0.30721315741539	49.550467227448	0.0000000000000
39.279998779297	0.041947640478611	 -0.31041944026947	49.550467227448	0.0000000000000
39.296001434326	0.038660354912281	 -0.31357169151306	49.550467227448	0.0000000000000
39.312000274658	0.035322118550539	 -0.31667006015778	49.550467227448	0.0000000000000
39.327999114990	0.031935416162014	 -0.31971448659897	49.550467227448	0.0000000000000
39.344001770020	0.028500262647867	 -0.32270517945290	49.550467227448	0.0000000000000
39.360000610352	0.025017995387316	 -0.32564213871956	49.550467227448	0.0000000000000
39.375999450684	0.021489592269063	 -0.32852548360825	49.550467227448	0.0000000000000
39.391998291016	0.017916157841682	 -0.33135530352592	49.550467227448	0.0000000000000
39.408000946045	0.014298114925623	 -0.33413174748421	49.550467227448	0.0000000000000
39.423999786377	0.010636470280588	 -0.33685499429703	49.550467227448	0.0000000000000
39.439998626709	0.0069321948103607	 -0.33952510356903	49.550467227448	0.0000000000000
39.456001281738	0.0031857306603342	 -0.34214222431183	49.550467227448	0.0000000000000
39.472000122070	 -0.00060203572502360	 -0.34470641613007	49.550467227448	0.0000000000000
39.487998962402	 -0.0044304179027677	 -0.34721788764000	49.550467227448	0.0000000000000
39.504001617432	 -0.0082994354888797	 -0.34967672824860	49.550467227448	0.0000000000000
39.520000457764	 -0.012207653373480	 -0.35208305716515	49.550467227448	0.0000000000000
39.535999298096	 -0.016155002638698	 -0.35443690419197	49.550467227448	0.0000000000000
39.551998138428	 -0.020140949636698	 -0.35673835873604	49.550467227448	0.0000000000000
39.568000793457	 -0.024165166541934	 -0.35898748040199	49.550467227448	0.0000000000000
39.583999633789	 -0.028226679190993	 -0.36118432879448	49.550467227448	0.0000000000000
39.599998474121	 -0.032325562089682	 -0.36332890391350	49.550467227448	0.0000000000000
39.616001129150	 -0.036461587995291	 -0.36542120575905	49.550467227448	0.0000000000000
39.631999969482	 -0.040634036064148	 -0.36746117472649	49.550467227448	0.0000000000000
39.647998809814	 -0.044842727482319	 -0.36944881081581	49.550467227448	0.0000000000000
39.664001464844	 -0.049086991697550	 -0.37138408422470	49.550467227448	0.0000000000000
39.680000305176	 -0.053367592394352	 -0.37326669692993	49.550467227448	0.0000000000000
39.695999145508	 -0.057683710008860	 -0.37509661912918	49.550467227448	0.0000000000000
39.712001800537	 -0.062034394592047	 -0.37687385082245	49.550467227448	0.0000000000000
39.728000640869	 -0.066419929265976	 -0.37859803438187	49.550467227448	0.0000000000000
39.743999481201	 -0.070840626955032	 -0.38026887178421	49.550467227448	0.0000000000000
39.759998321533	 -0.075295746326447	 -0.38188621401787	49.550467227448	0.0000000000000
39.776000976562	 -0.079785287380219	 -0.38344979286194	49.550467227448	0.0000000000000
39.791999816895	 -0.084308512508869	 -0.38495936989784	49.550467227448	0.0000000000000
39.807998657227	 -0.088865801692009	 -0.38641443848610	49.550467227448	0.0000000000000
39.824001312256	 -0.093457177281380	 -0.38781461119652	49.550467227448	0.0000000000000
39.840000152588	 -0.098081924021244	 -0.38915956020355	49.550467227448	0.0000000000000
39.855998992920	 -0.10273971408606	 -0.39044889807701	49.550467227448	0.0000000000000
39.872001647949	 -0.10743094235659	 -0.39168199896812	49.550467227448	0.0000000000000
39.888000488281	 -0.11215490847826	 -0.39285844564438	49.550467227448	0.0000000000000
39.903999328613	 -0.11691129207611	 -0.39397782087326	49.550467227448	0.0000000000000
39.919998168945	 -0.12170048803091	 -0.39503926038742	49.550467227448	0.0000000000000
39.936000823975	 -0.12652140855789	 -0.39604252576828	49.550467227448	0.0000000000000
39.951999664307	 -0.13137446343899	 -0.39698669314384	49.550467227448	0.0000000000000
39.967998504639	 -0.13625928759575	 -0.39787122607231	49.550467227448	0.0000000000000
39.984001159668	 -0.14117476344109	 -0.39869564771652	49.550467227448	0.0000000000000
40.000000000000	 -0.14612129330635	 -0.39945903420448	49.550467227448	0.0000000000000
40.015998840332	 -0.15109884738922	 -0.40016058087349	49.550467227448	0.0000000000000
40.032001495361	 -0.15610627830029	 -0.40079972147942	49.550467227448	0.0000000000000
40.048000335693	 -0.16114278137684	 -0.40137591958046	49.550467227448	0.0000000000000
40.063999176025	 -0.16620947420597	 -0.40188780426979	49.550467227448	0.0000000000000
40.080001831055	 -0.17130437493324	 -0.40233513712883	49.550467227448	0.0000000000000
40.096000671387	 -0.17642742395401	 -0.40271696448326	49.550467227448	0.0000000000000
40.111999511719	 -0.18157848715782	 -0.40303221344948	49.550467227448	0.0000000000000
40.127998352051	 -0.18675668537617	 -0.40328022837639	49.550467227448	0.0000000000000
40.144001007080	 -0.19196113944054	 -0.40346026420593	49.550467227448	0.0000000000000
40.159999847412	 -0.19719167053699	 -0.40357127785683	49.550467227448	0.0000000000000
40.175998687744	 -0.20244695246220	 -0.40361267328262	49.550467227448	0.0000000000000
40.192001342773	 -0.20772717893124	 -0.40358316898346	49.550467227448	0.0000000000000
40.208000183105	 -0.21303056180477	 -0.40348240733147	49.550467227448	0.0000000000000
40.223999023438	 -0.21835723519325	 -0.40330898761749	49.550467227448	0.0000000000000
40.240001678467	 -0.22370542585850	 -0.40306258201599	49.550467227448	0.0000000000000
40.256000518799	 -0.22907516360283	 -0.40274184942245	49.550467227448	0.0000000000000
40.271999359131	 -0.23446460068226	 -0.40234640240669	49.550467227448	0.0000000000000
40.287998199463	 -0.23987340927124	 -0.40187504887581	49.550467227448	0.0000000000000
40.304000854492	 -0.24530045688152	 -0.40132710337639	49.550467227448	0.0000000000000
40.319999694824	 -0.25074493885040	 -0.40070152282715	49.550467227448	0.0000000000000
40.335998535156	 -0.25620484352112	 -0.39999803900719	49.550467227448	0.0000000000000
40.352001190186	 -0.26168018579483	 -0.39921522140503	49.550467227448	0.0000000000000
40.368000030518	 -0.26716890931129	 -0.39835289120674	49.550467227448	0.0000000000000
40.383998870850	 -0.27267047762871	 -0.39740970730782	49.550467227448	0.0000000000000
40.400001525879	 -0.27818292379379	 -0.39638561010361	49.550467227448	0.0000000000000
40.416000366211	 -0.28370603919029	 -0.39527913928032	49.550467227448	0.0000000000000
40.431999206543	 -0.28923767805099	 -0.39409011602402	49.550467227448	0.0000000000000
40.448001861572	 -0.29477652907372	 -0.39281791448593	49.550467227448	0.0000000000000
40.464000701904	 -0.30032154917717	 -0.39146167039871	49.550467227448	0.0000000000000
40.479999542236	 -0.30587100982666	 -0.39002105593681	49.550467227448	0.0000000000000
40.495998382568	 -0.31142383813858	 -0.38849517703056	49.550467227448	0.0000000000000
40.512001037598	 -0.31697824597359	 -0.38688388466835	49.550467227448	0.0000000000000
40.527999877930	 -0.32253307104111	 -0.38518628478050	49.550467227448	0.0000000000000
40.543998718262	 -0.32808610796928	 -0.38340243697166	49.550467227448	0.0000000000000
40.560001373291	 -0.33363667130470	 -0.38153138756752	49.550467227448	0.0000000000000
40.576000213623	 -0.33918288350105	 -0.37957301735878	49.550467227448	0.0000000000000
40.591999053955	 -0.34472241997719	 -0.37752747535706	49.550467227448	0.0000000000000
40.608001708984	 -0.35025453567505	 -0.37539386749268	49.550467227448	0.0000000000000
40.624000549316	 -0.35577768087387	 -0.37317183613777	49.550467227448	0.0000000000000
40.639999389648	 -0.36128950119019	 -0.37086167931557	49.550467227448	0.0000000000000
40.655998229980	 -0.36678892374039	 -0.36846289038658	49.550467227448	0.0000000000000
40.672000885010	 -0.37227389216423	 -0.36597555875778	49.550467227448	0.0000000000000
40.687999725342	 -0.37774258852005	 -0.36339986324310	49.550467227448	0.0000000000000
40.703998565674	 -0.38319405913353	 -0.36073499917984	49.550467227448	0.0000000000000
40.720001220703	 -0.38862606883049	 -0.35798153281212	49.550467227448	0.0000000000000
40.736000061035	 -0.39403665065765	 -0.35513979196548	49.550467227448	0.0000000000000
40.751998901367	 -0.39942458271980	 -0.35220938920975	49.550467227448	0.0000000000000
40.768001556396	 -0.40478760004044	 -0.34919109940529	49.550467227448	0.0000000000000
40.784000396729	 -0.41012445092201	 -0.34608459472656	49.550467227448	0.0000000000000
40.799999237061	 -0.41543328762054	 -0.34289041161537	49.550467227448	0.0000000000000
40.816001892090	 -0.42071244120598	 -0.33960863947868	49.550467227448	0.0000000000000
40.832000732422	 -0.42596042156219	 -0.33623951673508	49.550467227448	0.0000000000000
40.847999572754	 -0.43117469549179	 -0.33278444409370	49.550467227448	0.0000000000000
40.863998413086	 -0.43635460734367	 -0.32924246788025	49.550467227448	0.0000000000000
40.880001068115	 -0.44149777293205	 -0.32561516761780	49.550467227448	0.0000000000000
40.895999908447	 -0.44660231471062	 -0.32190328836441	49.550467227448	0.0000000000000
40.911998748779	 -0.45166772603989	 -0.31810599565506	49.550467227448	0.0000000000000
40.928001403809	 -0.45669123530388	 -0.31422537565231	49.550467227448	0.0000000000000
40.944000244141	 -0.46167168021202	 -0.31026151776314	49.550467227448	0.0000000000000
40.959999084473	 -0.46660736203194	 -0.30621540546417	49.550467227448	0.0000000000000
40.976001739502	 -0.47149708867073	 -0.30208706855774	49.550467227448	0.0000000000000
40.992000579834	 -0.47633856534958	 -0.29787847399712	49.550467227448	0.0000000000000
41.007999420166	 -0.48113077878952	 -0.29358989000320	49.550467227448	0.0000000000000
41.023998260498	 -0.48587235808372	 -0.28922182321548	49.550467227448	0.0000000000000
41.040000915527	 -0.49056133627892	 -0.28477597236633	49.550467227448	0.0000000000000
41.055999755859	 -0.49519672989845	 -0.28025263547897	49.550467227448	0.0000000000000
41.071998596191	 -0.49977669119835	 -0.27565348148346	49.550467227448	0.0000000000000
41.088001251221	 -0.50430029630661	 -0.27097886800766	49.550467227448	0.0000000000000
41.104000091553	 -0.50876605510712	 -0.26623013615608	49.550467227448	0.0000000000000
41.119998931885	 -0.51317191123962	 -0.26140952110291	49.550467227448	0.0000000000000
41.136001586914	 -0.51751750707626	 -0.25651654601097	49.550467227448	0.0000000000000
41.152000427246	 -0.52180182933807	 -0.25155210494995	49.550467227448	0.0000000000000
41.167999267578	 -0.52602261304855	 -0.24651911854744	49.550467227448	0.0000000000000
41.183998107910	 -0.53017944097519	 -0.24141760170460	49.550467227448	0.0000000000000
41.200000762939	 -0.53427094221115	 -0.23624905943871	49.550467227448	0.0000000000000
41.215999603271	 -0.53829586505890	 -0.23101498186588	49.550467227448	0.0000000000000
41.231998443604	 -0.54225355386734	 -0.22571596503258	49.550467227448	0.0000000000000
41.248001098633	 -0.54614263772964	 -0.22035408020020	49.550467227448	0.0000000000000
41.263999938965	 -0.54996192455292	 -0.21493098139763	49.550467227448	0.0000000000000
41.279998779297	 -0.55371105670929	 -0.20944671332836	49.550467227448	0.0000000000000
41.296001434326	 -0.55738896131516	 -0.20390294492245	49.550467227448	0.0000000000000
41.312000274658	 -0.56099432706833	 -0.19830240309238	49.550467227448	0.0000000000000
41.327999114990	 -0.56452703475952	 -0.19264413416386	49.550467227448	0.0000000000000
41.344001770020	 -0.56798559427261	 -0.18693198263645	49.550467227448	0.0000000000000
41.360000610352	 -0.57136952877045	 -0.18116606771946	49.550467227448	0.0000000000000
41.375999450684	 -0.57467848062515	 -0.17534704506397	49.550467227448	0.0000000000000
41.391998291016	 -0.57791131734848	 -0.16947779059410	49.550467227448	0.0000000000000
41.408000946045	 -0.58106750249863	 -0.16355894505978	49.550467227448	0.0000000000000
41.423999786377	 -0.58414679765701	 -0.15759119391441	49.550467227448	0.0000000000000
41.439998626709	 -0.58714795112610	 -0.15157796442509	49.550467227448	0.0000000000000
41.456001281738	 -0.59007120132446	 -0.14551833271980	49.550467227448	0.0000000000000
41.472000122070	 -0.59291547536850	 -0.13941574096680	49.550467227448	0.0000000000000
41.487998962402	 -0.59568059444427	 -0.13327032327652	49.550467227448	0.0000000000000
41.504001617432	 -0.59836626052856	 -0.12708333134651	49.550467227448	0.0000000000000
41.520000457764	 -0.60097181797028	 -0.12085716426373	49.550467227448	0.0000000000000
41.535999298096	 -0.60349708795547	 -0.11459247022867	49.550467227448	0.0000000000000
41.551998138428	 -0.60594183206558	 -0.10828995704651	49.550467227448	0.0000000000000
41.568000793457	 -0.60830551385880	 -0.10195258259773	49.550467227448	0.0000000000000
41.583999633789	 -0.61058813333511	 -0.095580443739891	49.550467227448	0.0000000000000
41.599998474121	 -0.61278939247131	 -0.089175373315811	49.550467227448	0.0000000000000
41.616001129150	 -0.61490893363953	 -0.082739777863026	49.550467227448	0.0000000000000
41.631999969482	 -0.61694699525833	 -0.076271958649158	49.550467227448	0.0000000000000
41.647998809814	 -0.61890298128128	 -0.069776073098183	49.550467227448	0.0000000000000
41.664001464844	 -0.62077707052231	 -0.063252173364162	49.550467227448	0.0000000000000
41.680000305176	 -0.62256908416748	 -0.056702069938183	49.550467227448	0.0000000000000
41.695999145508	 -0.62427908182144	 -0.050125777721405	49.550467227448	0.0000000000000
41.712001800537	 -0.62590682506561	 -0.043525680899620	49.550467227448	0.0000000000000
41.728000640869	 -0.62745237350464	 -0.036902975291014	49.550467227448	0.0000000000000
41.743999481201	 -0.62891572713852	 -0.030258851125836	49.550467227448	0.0000000000000
41.759998321533	 -0.63029706478119	 -0.023593278601766	49.550467227448	0.0000000000000
41.776000976562	 -0.63159620761871	 -0.016909215599298	49.550467227448	0.0000000000000
41.791999816895	 -0.63281327486038	 -0.010206621140242	49.550467227448	0.0000000000000
41.807998657227	 -0.63394838571548	 -0.0034860300365835	49.550467227448	0.0000000000000
41.824001312256	 -0.63500154018402	0.0032496107742190	49.550467227448	0.0000000000000
41.840000152588	 -0.63597297668457	0.010000387206674	49.550467227448	0.0000000000000
41.855998992920	 -0.63686269521713	0.016765188425779	49.550467227448	0.0000000000000
41.872001647949	 -0.63767081499100	0.023542301729321	49.550467227448	0.0000000000000
41.888000488281	 -0.63839739561081	0.030331855639815	49.550467227448	0.0000000000000
41.903999328613	 -0.63904285430908	0.037131551653147	49.550467227448	0.0000000000000
41.919998168945	 -0.63960707187653	0.043940924108028	49.550467227448	0.0000000000000
41.936000823975	 -0.64009034633636	0.050759527832270	49.550467227448	0.0000000000000
41.951999664307	 -0.64049267768860	0.057586312294006	49.550467227448	0.0000000000000
41.967998504639	 -0.64081442356110	0.064419627189636	49.550467227448	0.0000000000000
41.984001159668	 -0.64105564355850	0.071259051561356	49.550467227448	0.0000000000000
42.000000000000	 -0.64121657609940	0.078103579580784	49.550467227448	0.0000000000000
42.015998840332	 -0.64129745960236	0.084951572120190	49.550467227448	0.0000000000000
42.032001495361	 -0.64129829406738	0.091803260147572	49.550467227448	0.0000000000000
42.048000335693	 -0.64121931791306	0.098657645285130	49.550467227448	0.0000000000000
42.063999176025	 -0.64106088876724	0.10551314800978	49.550467227448	0.0000000000000
42.080001831055	 -0.64082300662994	0.11236938834190	49.550467227448	0.0000000000000
42.096000671387	 -0.64050579071045	0.11922601610422	49.550467227448	0.0000000000000
42.111999511719	 -0.64010977745056	0.12608085572720	49.550467227448	0.0000000000000
42.127998352051	 -0.63963484764099	0.13293418288231	49.550467227448	0.0000000000000
42.144001007080	 -0.63908112049103	0.13978502154350	49.550467227448	0.0000000000000
42.159999847412	 -0.63844901323318	0.14663247764111	49.550467227448	0.0000000000000
42.175998687744	 -0.63773852586746	0.15347617864609	49.550467227448	0.0000000000000
42.192001342773	 -0.63694989681244	0.16031461954117	49.550467227448	0.0000000000000
42.208000183105	 -0.63608360290527	0.16714626550674	49.550467227448	0.0000000000000
42.223999023438	 -0.63513910770416	0.17397324740887	49.550467227448	0.0000000000000
42.240001678467	 -0.63411724567413	0.18079158663750	49.550467227448	0.0000000000000
42.256000518799	 -0.63301795721054	0.18760223686695	49.550467227448	0.0000000000000
42.271999359131	 -0.63184124231339	0.19440424442291	49.550467227448	0.0000000000000
42.287998199463	 -0.63058745861053	0.20119674503803	49.550467227448	0.0000000000000
42.304000854492	 -0.62925648689270	0.20797941088676	49.550467227448	0.0000000000000
42.319999694824	 -0.62784904241562	0.21475018560886	49.550467227448	0.0000000000000
42.335998535156	 -0.62636464834213	0.22150991857052	49.550467227448	0.0000000000000
42.352001190186	 -0.62480396032333	0.22825656831264	49.550467227448	0.0000000000000
42.368000030518	 -0.62316673994064	0.23499041795731	49.550467227448	0.0000000000000
42.383998870850	 -0.62145358324051	0.24170938134193	49.550467227448	0.0000000000000
42.400001525879	 -0.61966389417648	0.24841493368149	49.550467227448	0.0000000000000
42.416000366211	 -0.61779838800430	0.25510439276695	49.550467227448	0.0000000000000
42.431999206543	 -0.61585724353790	0.26177752017975	49.550467227448	0.0000000000000
42.448001861572	 -0.61384040117264	0.26843336224556	49.550467227448	0.0000000000000
42.464000701904	 -0.61174809932709	0.27507168054581	49.550467227448	0.0000000000000
42.479999542236	 -0.60958063602448	0.28169092535973	49.550467227448	0.0000000000000
42.495998382568	 -0.60733795166016	0.28829085826874	49.550467227448	0.0000000000000
42.512001037598	 -0.60501974821091	0.29487168788910	49.550467227448	0.0000000000000
42.527999877930	 -0.60262727737427	0.30143022537231	49.550467227448	0.0000000000000
42.543998718262	 -0.60015952587128	0.30796849727631	49.550467227448	0.0000000000000
42.560001373291	 -0.59761786460876	0.31448268890381	49.550467227448	0.0000000000000
42.576000213623	 -0.59500098228455	0.32097533345222	49.550467227448	0.0000000000000
42.591999053955	 -0.59231048822403	0.32744267582893	49.550467227448	0.0000000000000
42.608001708984	 -0.58954566717148	0.33388555049896	49.550467227448	0.0000000000000
42.624000549316	 -0.58670717477798	0.34030249714851	49.550467227448	0.0000000000000
42.639999389648	 -0.58379447460175	0.34669366478920	49.550467227448	0.0000000000000
42.655998229980	 -0.58080893754959	0.35305657982826	49.550467227448	0.0000000000000
42.672000885010	 -0.57775038480759	0.35939079523087	49.550467227448	0.0000000000000
42.687999725342	 -0.57461804151535	0.36569711565971	49.550467227448	0.0000000000000
42.703998565674	 -0.57141298055649	0.37197357416153	49.550467227448	0.0000000000000
42.720001220703	 -0.56813561916351	0.37821859121323	49.550467227448	0.0000000000000
42.736000061035	 -0.56478577852249	0.38443243503571	49.550467227448	0.0000000000000
42.751998901367	 -0.56136387586594	0.39061367511749	49.550467227448	0.0000000000000
42.768001556396	 -0.55786997079849	0.39676186442375	49.550467227448	0.0000000000000
42.784000396729	 -0.55430477857590	0.40287563204765	49.550467227448	0.0000000000000
42.799999237061	 -0.55066812038422	0.40895459055901	49.550467227448	0.0000000000000
42.816001892090	 -0.54696077108383	0.41499727964401	49.550467227448	0.0000000000000
42.832000732422	 -0.54318308830261	0.42100280523300	49.550467227448	0.0000000000000
42.847999572754	 -0.53933459520340	0.42697128653526	49.550467227448	0.0000000000000
42.863998413086	 -0.53541618585587	0.43290138244629	49.550467227448	0.0000000000000
42.880001068115	 -0.53142881393433	0.43879112601280	49.550467227448	0.0000000000000
42.895999908447	 -0.52737182378769	0.44464111328125	49.550467227448	0.0000000000000
42.911998748779	 -0.52324599027634	0.45045000314713	49.550467227448	0.0000000000000
42.928001403809	 -0.51905208826065	0.45621636509895	49.550467227448	0.0000000000000
42.944000244141	 -0.51479023694992	0.46193987131119	49.550467227448	0.0000000000000
42.959999084473	 -0.51046121120453	0.46761906147003	49.550467227448	0.0000000000000
42.976001739502	 -0.50606507062912	0.47325372695923	49.550467227448	0.0000000000000
42.992000579834	 -0.50160229206085	0.47884279489517	49.550467227448	0.0000000000000
43.007999420166	 -0.49707329273224	0.48438555002213	49.550467227448	0.0000000000000
43.023998260498	 -0.49247908592224	0.48988062143326	49.550467227448	0.0000000000000
43.040000915527	 -0.48782023787498	0.49532714486122	49.550467227448	0.0000000000000
43.055999755859	 -0.48309716582298	0.50072431564331	49.550467227448	0.0000000000000
43.071998596191	 -0.47830954194069	0.50607228279114	49.550467227448	0.0000000000000
43.088001251221	 -0.47345885634422	0.51136916875839	49.550467227448	0.0000000000000
43.104000091553	 -0.46854564547539	0.51661431789398	49.550467227448	0.0000000000000
43.119998931885	 -0.46357053518295	0.52180689573288	49.550467227448	0.0000000000000
43.136001586914	 -0.45853415131569	0.52694606781006	49.550467227448	0.0000000000000
43.152000427246	 -0.45343756675720	0.53203058242798	49.550467227448	0.0000000000000
43.167999267578	 -0.44828045368195	0.53706067800522	49.550467227448	0.0000000000000
43.183998107910	 -0.44306436181068	0.54203462600708	49.550467227448	0.0000000000000
43.200000762939	 -0.43779000639915	0.54695177078247	49.550467227448	0.0000000000000
43.215999603271	 -0.43245655298233	0.55181264877319	49.550467227448	0.0000000000000
43.231998443604	 -0.42706671357155	0.55661481618881	49.550467227448	0.0000000000000
43.248001098633	 -0.42162069678307	0.56135809421539	49.550467227448	0.0000000000000
43.263999938965	 -0.41611865162849	0.56604200601578	49.550467227448	0.0000000000000
43.279998779297	 -0.41056180000305	0.57066571712494	49.550467227448	0.0000000000000
43.296001434326	 -0.40495151281357	0.57522803544998	49.550467227448	0.0000000000000
43.312000274658	 -0.39928737282753	0.57972908020020	49.550467227448	0.0000000000000
43.327999114990	 -0.39357185363770	0.58416724205017	49.550467227448	0.0000000000000
43.344001770020	 -0.38780340552330	0.58854323625565	49.550467227448	0.0000000000000
43.360000610352	 -0.38198509812355	0.59285509586334	49.550467227448	0.0000000000000
43.375999450684	 -0.37611663341522	0.59710294008255	49.550467227448	0.0000000000000
43.391998291016	 -0.37019929289818	0.60128587484360	49.550467227448	0.0000000000000
43.408000946045	 -0.36423394083977	0.60540336370468	49.550467227448	0.0000000000000
43.423999786377	 -0.35822078585625	0.60945510864258	49.550467227448	0.0000000000000
43.439998626709	 -0.35216185450554	0.61344003677368	49.550467227448	0.0000000000000
43.456001281738	 -0.34605678915977	0.61735838651657	49.550467227448	0.0000000000000
43.472000122070	 -0.33990761637688	0.62120884656906	49.550467227448	0.0000000000000
43.487998962402	 -0.33371454477310	0.62499141693115	49.550467227448	0.0000000000000
43.504001617432	 -0.32747906446457	0.62870526313782	49.550467227448	0.0000000000000
43.520000457764	 -0.32120147347450	0.63235032558441	49.550467227448	0.0000000000000
43.535999298096	 -0.31488311290741	0.63592582941055	49.550467227448	0.0000000000000
43.551998138428	 -0.30852502584457	0.63943147659302	49.550467227448	0.0000000000000
43.568000793457	 -0.30212733149529	0.64286708831787	49.550467227448	0.0000000000000
43.583999633789	 -0.29569220542908	0.64623177051544	49.550467227448	0.0000000000000
43.599998474121	 -0.28921931982040	0.64952582120895	49.550467227448	0.0000000000000
43.616001129150	 -0.28271010518074	0.65274852514267	49.550467227448	0.0000000000000
43.631999969482	 -0.27616548538208	0.65589964389801	49.550467227448	0.0000000000000
43.647998809814	 -0.26958635449409	0.65897881984711	49.550467227448	0.0000000000000
43.664001464844	 -0.26297426223755	0.66198557615280	49.550467227448	0.0000000000000
43.680000305176	 -0.25632941722870	0.66491991281509	49.550467227448	0.0000000000000
43.695999145508	 -0.24965210258961	0.66778177022934	49.550467227448	0.0000000000000
43.712001800537	 -0.24294510483742	0.67057025432587	49.550467227448	0.0000000000000
43.728000640869	 -0.23620806634426	0.67328554391861	49.550467227448	0.0000000000000
43.743999481201	 -0.22944188117981	0.67592751979828	49.550467227448	0.0000000000000
43.759998321533	 -0.22264742851257	0.67849594354630	49.550467227448	0.0000000000000
43.776000976562	 -0.21582624316216	0.68099039793015	49.550467227448	0.0000000000000
43.791999816895	 -0.20897859334946	0.68341100215912	49.550467227448	0.0000000000000
43.807998657227	 -0.20210529863834	0.68575745820999	49.550467227448	0.0000000000000
43.824001312256	 -0.19520798325539	0.68802958726883	49.550467227448	0.0000000000000
43.840000152588	 -0.18828681111336	0.69022732973099	49.550467227448	0.0000000000000
43.855998992920	 -0.18134337663651	0.69235050678253	49.550467227448	0.0000000000000
43.872001647949	 -0.17437718808651	0.69439917802811	49.550467227448	0.0000000000000
43.888000488281	 -0.16739049553871	0.69637310504913	49.550467227448	0.0000000000000
43.903999328613	 -0.16038413345814	0.69827210903168	49.550467227448	0.0000000000000
43.919998168945	 -0.15335765480995	0.70009636878967	49.550467227448	0.0000000000000
43.936000823975	 -0.14631259441376	0.70184576511383	49.550467227448	0.0000000000000
43.951999664307	 -0.13925045728683	0.70351994037628	49.550467227448	0.0000000000000
43.967998504639	 -0.13217081129551	0.70511925220490	49.550467227448	0.0000000000000
43.984001159668	 -0.12507513165474	0.70664346218109	49.550467227448	0.0000000000000
44.000000000000	 -0.11796431988478	0.70809257030487	49.550467227448	0.0000000000000
44.015998840332	 -0.11083918809891	0.70946639776230	49.550467227448	0.0000000000000
44.032001495361	 -0.10369991511106	0.71076518297195	49.550467227448	0.0000000000000
44.048000335693	 -0.096548013389111	0.71198868751526	49.550467227448	0.0000000000000
44.063999176025	 -0.089384332299232	0.71313697099686	49.550467227448	0.0000000000000
44.080001831055	 -0.082208335399628	0.71421015262604	49.550467227448	0.0000000000000
44.096000671387	 -0.075022220611572	0.71520799398422	49.550467227448	0.0000000000000
44.111999511719	 -0.067826122045517	0.71613067388535	49.550467227448	0.0000000000000
44.127998352051	 -0.060620889067650	0.71697807312012	49.550467227448	0.0000000000000
44.144001007080	 -0.053406625986099	0.71775031089783	49.550467227448	0.0000000000000
44.159999847412	 -0.046184848994017	0.71844726800919	49.550467227448	0.0000000000000
44.175998687744	 -0.038957055658102	0.71906894445419	49.550467227448	0.0000000000000
44.192001342773	 -0.031722009181976	0.71961545944214	49.550467227448	0.0000000000000
44.208000183105	 -0.024481885135174	0.72008681297302	49.550467227448	0.0000000000000
44.223999023438	 -0.017236115410924	0.72048288583755	49.550467227448	0.0000000000000
44.240001678467	 -0.0099868839606643	0.72080379724503	49.550467227448	0.0000000000000
44.256000518799	 -0.0027343044057488	0.72104948759079	49.550467227448	0.0000000000000
44.271999359131	0.0045215063728392	0.72121995687485	49.550467227448	0.0000000000000
44.287998199463	0.011779058724642	0.72131520509720	49.550467227448	0.0000000000000
44.304000854492	0.019038241356611	0.72133541107178	49.550467227448	0.0000000000000
44.319999694824	0.026297565549612	0.72128033638000	49.550467227448	0.0000000000000
44.335998535156	0.033556919544935	0.72115010023117	49.550467227448	0.0000000000000
44.352001190186	0.040816187858582	0.72094458341599	49.550467227448	0.0000000000000
44.368000030518	0.048073895275593	0.72066396474838	49.550467227448	0.0000000000000
44.383998870850	0.055328540503979	0.72030824422836	49.550467227448	0.0000000000000
44.400001525879	0.062580704689026	0.71987724304199	49.550467227448	0.0000000000000
44.416000366211	0.069828897714615	0.71937119960785	49.550467227448	0.0000000000000
44.431999206543	0.077073007822037	0.71878993511200	49.550467227448	0.0000000000000
44.448001861572	0.084313586354256	0.71813338994980	49.550467227448	0.0000000000000
44.464000701904	0.091547101736069	0.71740174293518	49.550467227448	0.0000000000000
44.479999542236	0.098774798214436	0.71659487485886	49.550467227448	0.0000000000000
44.495998382568	0.10599448531866	0.71571296453476	49.550467227448	0.0000000000000
44.512001037598	0.11320605129004	0.71475589275360	49.550467227448	0.0000000000000
44.527999877930	0.12041004002094	0.71372354030609	49.550467227448	0.0000000000000
44.543998718262	0.12760494649410	0.71261602640152	49.550467227448	0.0000000000000
44.560001373291	0.13478860259056	0.71143352985382	49.550467227448	0.0000000000000
44.576000213623	0.14196288585663	0.71017563343048	49.550467227448	0.0000000000000
44.591999053955	0.14912426471710	0.70884281396866	49.550467227448	0.0000000000000
44.608001708984	0.15627396106720	0.70743477344513	49.550467227448	0.0000000000000
44.624000549316	0.16341041028500	0.70595169067383	49.550467227448	0.0000000000000
44.639999389648	0.17053283751011	0.70439362525940	49.550467227448	0.0000000000000
44.655998229980	0.17764036357403	0.70276051759720	49.550467227448	0.0000000000000
44.672000885010	0.18473283946514	0.70105230808258	49.550467227448	0.0000000000000
44.687999725342	0.19180805981159	0.69926941394806	49.550467227448	0.0000000000000
44.703998565674	0.19886720180511	0.69741141796112	49.550467227448	0.0000000000000
44.720001220703	0.20590808987617	0.69547867774963	49.550467227448	0.0000000000000
44.736000061035	0.21292981505394	0.69347125291824	49.550467227448	0.0000000000000
44.751998901367	0.21993221342564	0.69138914346695	49.550467227448	0.0000000000000
44.768001556396	0.22691310942173	0.68923270702362	49.550467227448	0.0000000000000
44.784000396729	0.23387493193150	0.68700104951859	49.550467227448	0.0000000000000
44.799999237061	0.24081285297871	0.68469560146332	49.550467227448	0.0000000000000
44.816001892090	0.24772797524929	0.68231582641602	49.550467227448	0.0000000000000
44.832000732422	0.25461944937706	0.67986184358597	49.550467227448	0.0000000000000
44.847999572754	0.26148572564125	0.67733412981033	49.550467227448	0.0000000000000
44.863998413086	0.26832658052444	0.67473232746124	49.550467227448	0.0000000000000
44.880001068115	0.27513983845711	0.67205739021301	49.550467227448	0.0000000000000
44.895999908447	0.28192594647408	0.66930890083313	49.550467227448	0.0000000000000
44.911998748779	0.28868463635445	0.66648668050766	49.550467227448	0.0000000000000
44.928001403809	0.29541313648224	0.66359186172485	49.550467227448	0.0000000000000
44.944000244141	0.30211117863655	0.66062432527542	49.550467227448	0.0000000000000
44.959999084473	0.30877789855003	0.65758436918259	49.550467227448	0.0000000000000
44.976001739502	0.31541246175766	0.65447223186493	49.550467227448	0.0000000000000
44.992000579834	0.32201457023621	0.65128785371780	49.550467227448	0.0000000000000
45.007999420166	0.32858207821846	0.64803212881088	49.550467227448	0.0000000000000
45.023998260498	0.33511483669281	0.64470499753952	49.550467227448	0.0000000000000
45.040000915527	0.34161067008972	0.64130753278732	49.550467227448	0.0000000000000
45.055999755859	0.34807121753693	0.63783866167068	49.550467227448	0.0000000000000
45.071998596191	0.35449251532555	0.63430041074753	49.550467227448	0.0000000000000
45.088001251221	0.36087560653687	0.63069212436676	49.550467227448	0.0000000000000
45.104000091553	0.36721900105476	0.62701457738876	49.550467227448	0.0000000000000
45.119998931885	0.37352186441422	0.62326812744141	49.550467227448	0.0000000000000
45.136001586914	0.37978279590607	0.61945354938507	49.550467227448	0.0000000000000
45.152000427246	0.38600155711174	0.61557090282440	49.550467227448	0.0000000000000
45.167999267578	0.39217668771744	0.61162108182907	49.550467227448	0.0000000000000
45.183998107910	0.39830741286278	0.60760444402695	49.550467227448	0.0000000000000
45.200000762939	0.40439301729202	0.60352164506912	49.550467227448	0.0000000000000
45.215999603271	0.41043207049370	0.59937340021133	49.550467227448	0.0000000000000
45.231998443604	0.41642376780510	0.59516036510468	49.550467227448	0.0000000000000
45.248001098633	0.42236855626106	0.59088224172592	49.550467227448	0.0000000000000
45.263999938965	0.42826336622238	0.58654117584229	49.550467227448	0.0000000000000
45.279998779297	0.43410918116570	0.58213657140732	49.550467227448	0.0000000000000
45.296001434326	0.43990418314934	0.57766985893250	49.550467227448	0.0000000000000
45.312000274658	0.44564762711525	0.57314169406891	49.550467227448	0.0000000000000
45.327999114990	0.45133939385414	0.56855213642120	49.550467227448	0.0000000000000
45.344001770020	0.45697763562202	0.56390279531479	49.550467227448	0.0000000000000
45.360000610352	0.46256178617477	0.55919432640076	49.550467227448	0.0000000000000
45.375999450684	0.46809172630310	0.55442708730698	49.550467227448	0.0000000000000
45.391998291016	0.47356629371643	0.54960209131241	49.550467227448	0.0000000000000
45.408000946045	0.47898429632187	0.54472053050995	49.550467227448	0.0000000000000
45.423999786377	0.48434630036354	0.53978222608566	49.550467227448	0.0000000000000
45.439998626709	0.48965004086494	0.53478938341141	49.550467227448	0.0000000000000
45.456001281738	0.49489611387253	0.52974170446396	49.550467227448	0.0000000000000
45.472000122070	0.50008291006088	0.52464103698730	49.550467227448	0.0000000000000
45.487998962402	0.50520986318588	0.51948803663254	49.550467227448	0.0000000000000
45.504001617432	0.51027661561966	0.51428377628326	49.550467227448	0.0000000000000
45.520000457764	0.51528364419937	0.50902771949768	49.550467227448	0.0000000000000
45.535999298096	0.52022850513458	0.50372290611267	49.550467227448	0.0000000000000
45.551998138428	0.52511125802994	0.49836969375610	49.550467227448	0.0000000000000
45.568000793457	0.52993196249008	0.49296829104424	49.550467227448	0.0000000000000
45.583999633789	0.53469032049179	0.48751965165138	49.550467227448	0.0000000000000
45.599998474121	0.53938448429108	0.48202618956566	49.550467227448	0.0000000000000
45.616001129150	0.54401552677155	0.47648715972900	49.550467227448	0.0000000000000
45.631999969482	0.54858177900314	0.47090503573418	49.550467227448	0.0000000000000
45.647998809814	0.55308336019516	0.46528020501137	49.550467227448	0.0000000000000
45.664001464844	0.55752044916153	0.45961302518845	49.550467227448	0.0000000000000
45.680000305176	0.56189155578613	0.45390596985817	49.550467227448	0.0000000000000
45.695999145508	0.56619727611542	0.44815894961357	49.550467227448	0.0000000000000
45.712001800537	0.57043695449829	0.44237336516380	49.550467227448	0.0000000000000
45.728000640869	0.57461041212082	0.43655014038086	49.550467227448	0.0000000000000
45.743999481201	0.57871794700623	0.43068963289261	49.550467227448	0.0000000000000
45.759998321533	0.58275812864304	0.42479434609413	49.550467227448	0.0000000000000
45.776000976562	0.58673173189163	0.41886422038078	49.550467227448	0.0000000000000
45.791999816895	0.59063822031021	0.41290065646172	49.550467227448	0.0000000000000
45.807998657227	0.59447753429413	0.40690460801125	49.550467227448	0.0000000000000
45.824001312256	0.59825003147125	0.40087637305260	49.550467227448	0.0000000000000
45.840000152588	0.60195446014404	0.39481866359711	49.550467227448	0.0000000000000
45.855998992920	0.60559201240540	0.38873061537743	49.550467227448	0.0000000000000
45.872001647949	0.60916197299957	0.38261428475380	49.550467227448	0.0000000000000
45.888000488281	0.61266463994980	0.37646993994713	49.550467227448	0.0000000000000
45.903999328613	0.61609977483749	0.37029919028282	49.550467227448	0.0000000000000
45.919998168945	0.61946743726730	0.36410284042358	49.550467227448	0.0000000000000
45.936000823975	0.62276798486710	0.35788121819496	49.550467227448	0.0000000000000
45.951999664307	0.62600106000900	0.35163637995720	49.550467227448	0.0000000000000
45.967998504639	0.62916713953018	0.34536802768707	49.550467227448	0.0000000000000
45.984001159668	0.63226586580276	0.33907815814018	49.550467227448	0.0000000000000
46.000000000000	0.63529771566391	0.33276709914207	49.550467227448	0.0000000000000
46.015998840332	0.63826346397400	0.32643443346024	49.550467227448	0.0000000000000
46.032001495361	0.64116203784943	0.32008349895477	49.550467227448	0.0000000000000
46.048000335693	0.64399421215057	0.31371384859085	49.550467227448	0.0000000000000
46.063999176025	0.64676016569138	0.30732625722885	49.550467227448	0.0000000000000
46.080001831055	0.64946049451828	0.30092099308968	49.550467227448	0.0000000000000
46.096000671387	0.65209442377090	0.29450067877769	49.550467227448	0.0000000000000
46.111999511719	0.65466374158859	0.28806298971176	49.550467227448	0.0000000000000
46.127998352051	0.65716719627380	0.28161180019379	49.550467227448	0.0000000000000
46.144001007080	0.65960586071014	0.27514600753784	49.550467227448	0.0000000000000
46.159999847412	0.66197979450226	0.26866698265076	49.550467227448	0.0000000000000
46.175998687744	0.66428935527802	0.26217484474182	49.550467227448	0.0000000000000
46.192001342773	0.66653448343277	0.25567153096199	49.550467227448	0.0000000000000
46.208000183105	0.66871607303619	0.24915590882301	49.550467227448	0.0000000000000
46.223999023438	0.67083394527435	0.24262987077236	49.550467227448	0.0000000000000
46.240001678467	0.67288887500763	0.23609292507172	49.550467227448	0.0000000000000
46.256000518799	0.67488062381744	0.22954693436623	49.550467227448	0.0000000000000
46.271999359131	0.67681014537811	0.22299067676067	49.550467227448	0.0000000000000
46.287998199463	0.67867708206177	0.21642668545246	49.550467227448	0.0000000000000
46.304000854492	0.68048208951950	0.20985430479050	49.550467227448	0.0000000000000
46.319999694824	0.68222552537918	0.20327420532703	49.550467227448	0.0000000000000
46.335998535156	0.68390756845474	0.19668695330620	49.550467227448	0.0000000000000
46.352001190186	0.68552869558334	0.19009247422218	49.550467227448	0.0000000000000
46.368000030518	0.68708884716034	0.18349267542362	49.550467227448	0.0000000000000
46.383998870850	0.68858861923218	0.17688682675362	49.550467227448	0.0000000000000
46.400001525879	0.69002842903137	0.17027480900288	49.550467227448	0.0000000000000
46.416000366211	0.69140857458115	0.16365717351437	49.550467227448	0.0000000000000
46.431999206543	0.69272887706757	0.15703576803207	49.550467227448	0.0000000000000
46.448001861572	0.69398999214172	0.15040981769562	49.550467227448	0.0000000000000
46.464000701904	0.69519215822220	0.14377914369106	49.550467227448	0.0000000000000
46.479999542236	0.69633561372757	0.13714490830898	49.550467227448	0.0000000000000
46.495998382568	0.69742059707642	0.13050697743893	49.550467227448	0.0000000000000
46.512001037598	0.69844722747803	0.12386646866798	49.550467227448	0.0000000000000
46.527999877930	0.69941604137421	0.11722186207771	49.550467227448	0.0000000000000
46.543998718262	0.70032680034637	0.11057563126087	49.550467227448	0.0000000000000
46.560001373291	0.70118016004562	0.10392624884844	49.550467227448	0.0000000000000
46.576000213623	0.70197612047195	0.097274810075760	49.550467227448	0.0000000000000
46.591999053955	0.70271480083466	0.090621769428253	49.550467227448	0.0000000000000
46.608001708984	0.70339643955231	0.083966881036758	49.550467227448	0.0000000000000
46.624000549316	0.70402127504349	0.077309928834438	49.550467227448	0.0000000000000
46.639999389648	0.70458930730820	0.070652000606060	49.550467227448	0.0000000000000
46.655998229980	0.70510089397430	0.063992179930210	49.550467227448	0.0000000000000
46.672000885010	0.70555579662323	0.057331535965204	49.550467227448	0.0000000000000
46.687999725342	0.70595437288284	0.050671182572842	49.550467227448	0.0000000000000
46.703998565674	0.70629662275314	0.044009495526552	49.550467227448	0.0000000000000
46.720001220703	0.70658260583878	0.037347555160522	49.550467227448	0.0000000000000
46.736000061035	0.70681244134903	0.030685100704432	49.550467227448	0.0000000000000
46.751998901367	0.70698618888855	0.024022528901696	49.550467227448	0.0000000000000
46.768001556396	0.70710372924805	0.017360923811793	49.550467227448	0.0000000000000
46.784000396729	0.70716524124146	0.010698661208153	49.550467227448	0.0000000000000
46.799999237061	0.70717072486877	0.0040374924428761	49.550467227448	0.0000000000000
46.816001892090	0.70712012052536	 -0.0026235284749418	49.550467227448	0.0000000000000
46.832000732422	0.70701330900192	 -0.0092833237722516	49.550467227448	0.0000000000000
46.847999572754	0.70685034990311	 -0.015942838042974	49.550467227448	0.0000000000000
46.863998413086	0.70663124322891	 -0.022599641233683	49.550467227448	0.0000000000000
46.880001068115	0.70635592937469	 -0.029255347326398	49.550467227448	0.0000000000000
46.895999908447	0.70602422952652	 -0.035910218954086	49.550467227448	0.0000000000000
46.911998748779	0.70563614368439	 -0.042562488466501	49.550467227448	0.0000000000000
46.928001403809	0.70519155263901	 -0.049213096499443	49.550467227448	0.0000000000000
46.944000244141	0.70469033718109	 -0.055860936641693	49.550467227448	0.0000000000000
46.959999084473	0.70413249731064	 -0.062505587935448	49.550467227448	0.0000000000000
46.976001739502	0.70351785421371	 -0.069147296249866	49.550467227448	0.0000000000000
46.992000579834	0.70284616947174	 -0.075786963105202	49.550467227448	0.0000000000000
47.007999420166	0.70211750268936	 -0.082422129809856	49.550467227448	0.0000000000000
47.023998260498	0.70133155584335	 -0.089054375886917	49.550467227448	0.0000000000000
47.040000915527	0.70048832893372	 -0.095681898295879	49.550467227448	0.0000000000000
47.055999755859	0.69958746433258	 -0.10230558365583	49.550467227448	0.0000000000000
47.071998596191	0.69862896203995	 -0.10892429947853	49.550467227448	0.0000000000000
47.088001251221	0.69761270284653	 -0.11553823947906	49.550467227448	0.0000000000000
47.104000091553	0.69653838872910	 -0.12214693427086	49.550467227448	0.0000000000000
47.119998931885	0.69540601968765	 -0.12874922156334	49.550467227448	0.0000000000000
47.136001586914	0.69421529769897	 -0.13534598052502	49.550467227448	0.0000000000000
47.152000427246	0.69296610355377	 -0.14193600416183	49.550467227448	0.0000000000000
47.167999267578	0.69165819883347	 -0.14851948618889	49.550467227448	0.0000000000000
47.183998107910	0.69029146432877	 -0.15509590506554	49.550467227448	0.0000000000000
47.200000762939	0.68886607885361	 -0.16166342794895	49.550467227448	0.0000000000000
47.215999603271	0.68738132715225	 -0.16822350025177	49.550467227448	0.0000000000000
47.231998443604	0.68583714962006	 -0.17477561533451	49.550467227448	0.0000000000000
47.248001098633	0.68423378467560	 -0.18131792545319	49.550467227448	0.0000000000000
47.263999938965	0.68257075548172	 -0.18785050511360	49.550467227448	0.0000000000000
47.279998779297	0.68084782361984	 -0.19437417387962	49.550467227448	0.0000000000000
47.296001434326	0.67906522750854	 -0.20088636875153	49.550467227448	0.0000000000000
47.312000274658	0.67722272872925	 -0.20738722383976	49.550467227448	0.0000000000000
47.327999114990	0.67532002925873	 -0.21387681365013	49.550467227448	0.0000000000000
47.344001770020	0.67335683107376	 -0.22035518288612	49.550467227448	0.0000000000000
47.360000610352	0.67133361101151	 -0.22681990265846	49.550467227448	0.0000000000000
47.375999450684	0.66924983263016	 -0.23327158391476	49.550467227448	0.0000000000000
47.391998291016	0.66710531711578	 -0.23971034586430	49.550467227448	0.0000000000000
47.408000946045	0.66490060091019	 -0.24613367021084	49.550467227448	0.0000000000000
47.423999786377	0.66263484954834	 -0.25254288315773	49.550467227448	0.0000000000000
47.439998626709	0.66030853986740	 -0.25893610715866	49.550467227448	0.0000000000000
47.456001281738	0.65792095661163	 -0.26531463861465	49.550467227448	0.0000000000000
47.472000122070	0.65547287464142	 -0.27167534828186	49.550467227448	0.0000000000000
47.487998962402	0.65296393632889	 -0.27801889181137	49.550467227448	0.0000000000000
47.504001617432	0.65039402246475	 -0.28434467315674	49.550467227448	0.0000000000000
47.520000457764	0.64776319265366	 -0.29065209627151	49.550467227448	0.0000000000000
47.535999298096	0.64507132768631	 -0.29694050550461	49.550467227448	0.0000000000000
47.551998138428	0.64231884479523	 -0.30320873856544	49.550467227448	0.0000000000000
47.568000793457	0.63950484991074	 -0.30945792794228	49.550467227448	0.0000000000000
47.583999633789	0.63663047552109	 -0.31568506360054	49.550467227448	0.0000000000000
47.599998474121	0.63369506597519	 -0.32189139723778	49.550467227448	0.0000000000000
47.616001129150	0.63069903850555	 -0.32807502150536	49.550467227448	0.0000000000000
47.631999969482	0.62764263153076	 -0.33423539996147	49.550467227448	0.0000000000000
47.647998809814	0.62452518939972	 -0.34037303924561	49.550467227448	0.0000000000000
47.664001464844	0.62134724855423	 -0.34648677706718	49.550467227448	0.0000000000000
47.680000305176	0.61810910701752	 -0.35257539153099	49.550467227448	0.0000000000000
47.695999145508	0.61481052637100	 -0.35863885283470	49.550467227448	0.0000000000000
47.712001800537	0.61145174503326	 -0.36467653512955	49.550467227448	0.0000000000000
47.728000640869	0.60803318023682	 -0.37068727612495	49.550467227448	0.0000000000000
47.743999481201	0.60455411672592	 -0.37667161226273	49.550467227448	0.0000000000000
47.759998321533	0.60101604461670	 -0.38262721896172	49.550467227448	0.0000000000000
47.776000976562	0.59741783142090	 -0.38855513930321	49.550467227448	0.0000000000000
47.791999816895	0.59376043081284	 -0.39445373415947	49.550467227448	0.0000000000000
47.807998657227	0.59004372358322	 -0.40032291412354	49.550467227448	0.0000000000000
47.824001312256	0.58626770973206	 -0.40616208314896	49.550467227448	0.0000000000000
47.840000152588	0.58243322372437	 -0.41197004914284	49.550467227448	0.0000000000000
47.855998992920	0.57853984832764	 -0.41774681210518	49.550467227448	0.0000000000000
47.872001647949	0.57458829879761	 -0.42349126935005	49.550467227448	0.0000000000000
47.888000488281	0.57057839632034	 -0.42920330166817	49.550467227448	0.0000000000000
47.903999328613	0.56651037931442	 -0.43488240242004	49.550467227448	0.0000000000000
47.919998168945	0.56238442659378	 -0.44052791595459	49.550467227448	0.0000000000000
47.936000823975	0.55820077657700	 -0.44613927602768	49.550467227448	0.0000000000000
47.951999664307	0.55396008491516	 -0.45171532034874	49.550467227448	0.0000000000000
47.967998504639	0.54966223239899	 -0.45725610852242	49.550467227448	0.0000000000000
47.984001159668	0.54530704021454	 -0.46276155114174	49.550467227448	0.0000000000000
48.000000000000	0.54089564085007	 -0.46822997927666	49.550467227448	0.0000000000000
48.015998840332	0.53642779588699	 -0.47366133332253	49.550467227448	0.0000000000000
48.032001495361	0.53190386295319	 -0.47905516624451	49.550467227448	0.0000000000000
48.048000335693	0.52732354402542	 -0.48441123962402	49.550467227448	0.0000000000000
48.063999176025	0.52268731594086	 -0.48972907662392	49.550467227448	0.0000000000000
48.080001831055	0.51799625158310	 -0.49500712752342	49.550467227448	0.0000000000000
48.096000671387	0.51324969530106	 -0.50024580955505	49.550467227448	0.0000000000000
48.111999511719	0.50844806432724	 -0.50544446706772	49.550467227448	0.0000000000000
48.127998352051	0.50359195470810	 -0.51060211658478	49.550467227448	0.0000000000000
48.144001007080	0.49868080019951	 -0.51571911573410	49.550467227448	0.0000000000000
48.159999847412	0.49371588230133	 -0.52079397439957	49.550467227448	0.0000000000000
48.175998687744	0.48869597911835	 -0.52582746744156	49.550467227448	0.0000000000000
48.192001342773	0.48362344503403	 -0.53081727027893	49.550467227448	0.0000000000000
48.208000183105	0.47849598526955	 -0.53576493263245	49.550467227448	0.0000000000000
48.223999023438	0.47331753373146	 -0.54066681861877	49.550467227448	0.0000000000000
48.240001678467	0.46808329224586	 -0.54552680253983	49.550467227448	0.0000000000000
48.256000518799	0.46279817819595	 -0.55034029483795	49.550467227448	0.0000000000000
48.271999359131	0.45745834708214	 -0.55511021614075	49.550467227448	0.0000000000000
48.287998199463	0.45206776261330	 -0.55983293056488	49.550467227448	0.0000000000000
48.304000854492	0.44662359356880	 -0.56451040506363	49.550467227448	0.0000000000000
48.319999694824	0.44112935662270	 -0.56913942098618	49.550467227448	0.0000000000000
48.335998535156	0.43558105826378	 -0.57372289896011	49.550467227448	0.0000000000000
48.352001190186	0.42998284101486	 -0.57825708389282	49.550467227448	0.0000000000000
48.368000030518	0.42433175444603	 -0.58274400234222	49.550467227448	0.0000000000000
48.383998870850	0.41863027215004	 -0.58718127012253	49.550467227448	0.0000000000000
48.400001525879	0.41287764906883	 -0.59156906604767	49.550467227448	0.0000000000000
48.416000366211	0.40707424283028	 -0.59590685367584	49.550467227448	0.0000000000000
48.431999206543	0.40122026205063	 -0.60019379854202	49.550467227448	0.0000000000000
48.448001861572	0.39531561732292	 -0.60442972183228	49.550467227448	0.0000000000000
48.464000701904	0.38936120271683	 -0.60861355066299	49.550467227448	0.0000000000000
48.479999542236	0.38335725665092	 -0.61274462938309	49.550467227448	0.0000000000000
48.495998382568	0.37730309367180	 -0.61682289838791	49.550467227448	0.0000000000000
48.512001037598	0.37119838595390	 -0.62084811925888	49.550467227448	0.0000000000000
48.527999877930	0.36504709720612	 -0.62481737136841	49.550467227448	0.0000000000000
48.543998718262	0.35884419083595	 -0.62873321771622	49.550467227448	0.0000000000000
48.560001373291	0.35259419679642	 -0.63259232044220	49.550467227448	0.0000000000000
48.576000213623	0.34629398584366	 -0.63639605045319	49.550467227448	0.0000000000000
48.591999053955	0.33994621038437	 -0.64014232158661	49.550467227448	0.0000000000000
48.608001708984	0.33355137705803	 -0.64383035898209	49.550467227448	0.0000000000000
48.624000549316	0.32710677385330	 -0.64746105670929	49.550467227448	0.0000000000000
48.639999389648	0.32061591744423	 -0.65103197097778	49.550467227448	0.0000000000000
48.655998229980	0.31407794356346	 -0.65454304218292	49.550467227448	0.0000000000000
48.672000885010	0.30749201774597	 -0.65799397230148	49.550467227448	0.0000000000000
48.687999725342	0.30086049437523	 -0.66138303279877	49.550467227448	0.0000000000000
48.703998565674	0.29418191313744	 -0.66471034288406	49.550467227448	0.0000000000000
48.720001220703	0.28745669126511	 -0.66797500848770	49.550467227448	0.0000000000000
48.736000061035	0.28068724274635	 -0.67117542028427	49.550467227448	0.0000000000000
48.751998901367	0.27387273311615	 -0.67431122064590	49.550467227448	0.0000000000000
48.768001556396	0.26701307296753	 -0.67738187313080	49.550467227448	0.0000000000000
48.784000396729	0.26010808348656	 -0.68038678169250	49.550467227448	0.0000000000000
48.799999237061	0.25316023826599	 -0.68332427740097	49.550467227448	0.0000000000000
48.816001892090	0.24616745114326	 -0.68619447946548	49.550467227448	0.0000000000000
48.832000732422	0.23913289606571	 -0.68899554014206	49.550467227448	0.0000000000000
48.847999572754	0.23205450177193	 -0.69172751903534	49.550467227448	0.0000000000000
48.863998413086	0.22493487596512	 -0.69438886642456	49.550467227448	0.0000000000000
48.880001068115	0.21777391433716	 -0.69697886705399	49.550467227448	0.0000000000000
48.895999908447	0.21057091653347	 -0.69949710369110	49.550467227448	0.0000000000000
48.911998748779	0.20332850515842	 -0.70194202661514	49.550467227448	0.0000000000000
48.928001403809	0.19604533910751	 -0.70431327819824	49.550467227448	0.0000000000000
48.944000244141	0.18872343003750	 -0.70660966634750	49.550467227448	0.0000000000000
48.959999084473	0.18136282265186	 -0.70883041620255	49.550467227448	0.0000000000000
48.976001739502	0.17396485805511	 -0.71097451448441	49.550467227448	0.0000000000000
48.992000579834	0.16652964055538	 -0.71304118633270	49.550467227448	0.0000000000000
49.007999420166	0.15905787050724	 -0.71502959728241	49.550467227448	0.0000000000000
49.023998260498	0.15155038237572	 -0.71693885326385	49.550467227448	0.0000000000000
49.040000915527	0.14400862157345	 -0.71876788139343	49.550467227448	0.0000000000000
49.055999755859	0.13643269240856	 -0.72051596641541	49.550467227448	0.0000000000000
49.071998596191	0.12882347404957	 -0.72218233346939	49.550467227448	0.0000000000000
49.088001251221	0.12118248641491	 -0.72376585006714	49.550467227448	0.0000000000000
49.104000091553	0.11350993067026	 -0.72526592016220	49.550467227448	0.0000000000000
49.119998931885	0.10580740869045	 -0.72668159008026	49.550467227448	0.0000000000000
49.136001586914	0.098075114190578	 -0.72801202535629	49.550467227448	0.0000000000000
49.152000427246	0.090314716100693	 -0.72925639152527	49.550467227448	0.0000000000000
49.167999267578	0.082526475191116	 -0.73041409254074	49.550467227448	0.0000000000000
49.183998107910	0.074713453650475	 -0.73148399591446	49.550467227448	0.0000000000000
49.200000762939	0.066873878240585	 -0.73246568441391	49.550467227448	0.0000000000000
49.215999603271	0.059010852128267	 -0.73335820436478	49.550467227448	0.0000000000000
49.231998443604	0.051125437021255	 -0.73416084051132	49.550467227448	0.0000000000000
49.248001098633	0.043217286467552	 -0.73487299680710	49.550467227448	0.0000000000000
49.263999938965	0.035289585590363	 -0.73549389839172	49.550467227448	0.0000000000000
49.279998779297	0.027342736721039	 -0.73602288961411	49.550467227448	0.0000000000000
49.296001434326	0.019377857446671	 -0.73645937442780	49.550467227448	0.0000000000000
49.312000274658	0.011396079324186	 -0.73680275678635	49.550467227448	0.0000000000000
49.327999114990	0.0033985576592386	 -0.73705244064331	49.550467227448	0.0000000000000
49.344001770020	 -0.0046121347695589	 -0.73720782995224	49.550467227448	0.0000000000000
49.360000610352	 -0.012636221945286	 -0.73726844787598	49.550467227448	0.0000000000000
49.375999450684	 -0.020671099424362	 -0.73723381757736	49.550467227448	0.0000000000000
49.391998291016	 -0.028716258704662	 -0.73710346221924	49.550467227448	0.0000000000000
49.408000946045	 -0.036769777536392	 -0.73687696456909	49.550467227448	0.0000000000000
49.423999786377	 -0.044830419123173	 -0.73655390739441	49.550467227448	0.0000000000000
49.439998626709	 -0.052896942943335	 -0.73613393306732	49.550467227448	0.0000000000000
49.456001281738	 -0.060968078672886	 -0.73561674356461	49.550467227448	0.0000000000000
49.472000122070	 -0.069041870534420	 -0.73500198125839	49.550467227448	0.0000000000000
49.487998962402	 -0.077117040753365	 -0.73428946733475	49.550467227448	0.0000000000000
49.504001617432	 -0.085191629827023	 -0.73347896337509	49.550467227448	0.0000000000000
49.520000457764	 -0.093264326453209	 -0.73257035017014	49.550467227448	0.0000000000000
49.535999298096	 -0.10133456438780	 -0.73156344890594	49.550467227448	0.0000000000000
49.551998138428	 -0.10939962416887	 -0.73045808076859	49.550467227448	0.0000000000000
49.568000793457	 -0.11745893210173	 -0.72925418615341	49.550467227448	0.0000000000000
49.583999633789	 -0.12551049888134	 -0.72795182466507	49.550467227448	0.0000000000000
49.599998474121	 -0.13355371356010	 -0.72655075788498	49.550467227448	0.0000000000000
49.616001129150	 -0.14158587157726	 -0.72505128383636	49.550467227448	0.0000000000000
49.631999969482	 -0.14960570633411	 -0.72345352172852	49.550467227448	0.0000000000000
49.647998809814	 -0.15761260688305	 -0.72175729274750	49.550467227448	0.0000000000000
49.664001464844	 -0.16560320556164	 -0.71996319293976	49.550467227448	0.0000000000000
49.680000305176	 -0.17357899248600	 -0.71807074546814	49.550467227448	0.0000000000000
49.695999145508	 -0.18153592944145	 -0.71608078479767	49.550467227448	0.0000000000000
49.712001800537	 -0.18947343528271	 -0.71399331092834	49.550467227448	0.0000000000000
49.728000640869	 -0.19739022850990	 -0.71180856227875	49.550467227448	0.0000000000000
49.743999481201	 -0.20528508722782	 -0.70952689647675	49.550467227448	0.0000000000000
49.759998321533	 -0.21315675973892	 -0.70714849233627	49.550467227448	0.0000000000000
49.776000976562	 -0.22100263834000	 -0.70467424392700	49.550467227448	0.0000000000000
49.791999816895	 -0.22882284224033	 -0.70210397243500	49.550467227448	0.0000000000000
49.807998657227	 -0.23661483824253	 -0.69943851232529	49.550467227448	0.0000000000000
49.824001312256	 -0.24437810480595	 -0.69667810201645	49.550467227448	0.0000000000000
49.840000152588	 -0.25211006402969	 -0.69382357597351	49.550467227448	0.0000000000000
49.855998992920	 -0.25981160998344	 -0.69087487459183	49.550467227448	0.0000000000000
49.872001647949	 -0.26747956871986	 -0.68783307075500	49.550467227448	0.0000000000000
49.888000488281	 -0.27511343359947	 -0.68469840288162	49.550467227448	0.0000000000000
49.903999328613	 -0.28271207213402	 -0.68147158622742	49.550467227448	0.0000000000000
49.919998168945	 -0.29027444124222	 -0.67815309762955	49.550467227448	0.0000000000000
49.936000823975	 -0.29779869318008	 -0.67474377155304	49.550467227448	0.0000000000000
49.951999664307	 -0.30528447031975	 -0.67124396562576	49.550467227448	0.0000000000000
49.967998504639	 -0.31273001432419	 -0.66765463352203	49.550467227448	0.0000000000000
49.984001159668	 -0.32013496756554	 -0.66397607326508	49.550467227448	0.0000000000000
50.000000000000	 -0.32749757170677	 -0.66020923852921	49.550467227448	0.0000000000000
