34.000000000000	0.0078028077259660	0.010554071515799
34.015998840332	0.0079458458349109	0.010610505938530
34.032001495361	0.0080978237092495	0.010664390400052
34.048000335693	0.0082585969939828	0.010715137235820
34.063999176025	0.0084279840812087	0.010762171819806
34.080001831055	0.0086057679727674	0.010804935358465
34.096000671387	0.0087917018681765	0.010842882096767
34.111999511719	0.0089855082333088	0.010875490494072
34.127998352051	0.0091868769377470	0.010902254842222
34.144001007080	0.0093954699113965	0.010922694578767
34.159999847412	0.0096109239384532	0.010936349630356
34.175998687744	0.0098328460007906	0.010942788794637
34.192001342773	0.010060824453831	0.010941602289677
34.208000183105	0.010294422507286	0.010932413861156
34.223999023438	0.010533185675740	0.010914870537817
34.240001678467	0.010776638984680	0.010888653807342
34.256000518799	0.011024292558432	0.010853469371796
34.271999359131	0.011275639757514	0.010809062048793
34.287998199463	0.011530164629221	0.010755199939013
34.304000854492	0.011787340044975	0.010691693983972
34.319999694824	0.012046627700329	0.010618377476931
34.335998535156	0.012307486496866	0.010535124689341
34.352001190186	0.012569369748235	0.010441835969687
34.368000030518	0.012831728905439	0.010338452644646
34.383998870850	0.013094012625515	0.010224943980575
34.400001525879	0.013355672359467	0.010101312771440
34.416000366211	0.013616167940199	0.0099675972014666
34.431999206543	0.013874955475330	0.0098238643258810
34.448001861572	0.014131507836282	0.0096702165901661
34.464000701904	0.014385299757123	0.0095067815855145
34.479999542236	0.014635823667049	0.0093337241560221
34.495998382568	0.014882579445839	0.0091512333601713
34.512001037598	0.015125083737075	0.0089595280587673
34.527999877930	0.015362869016826	0.0087588559836149
34.543998718262	0.015595487318933	0.0085494881495833
34.560001373291	0.015822505578399	0.0083317244425416
34.576000213623	0.016043515875936	0.0081058861687779
34.591999053955	0.016258127987385	0.0078723151236773
34.608001708984	0.016465980559587	0.0076313763856888
34.624000549316	0.016666723415256	0.0073834541253746
34.639999389648	0.016860049217939	0.0071289506740868
34.655998229980	0.017045663669705	0.0068682832643390
34.672000885010	0.017223304137588	0.0066018844954669
34.687999725342	0.017392735928297	0.0063302009366453
34.703998565674	0.017553748562932	0.0060536866076291
34.720001220703	0.017706165090203	0.0057728076353669
34.736000061035	0.017849836498499	0.0054880399256945
34.751998901367	0.017984641715884	0.0051998607814312
34.768001556396	0.018110485747457	0.0049087526276708
34.784000396729	0.018227312713861	0.0046152030117810
34.799999237061	0.018335090950131	0.0043196976184845
34.816001892090	0.018433813005686	0.0040227193385363
34.832000732422	0.018523510545492	0.0037247512955219
34.847999572754	0.018604239448905	0.0034262696281075
34.863998413086	0.018676081672311	0.0031277439557016
34.880001068115	0.018739150837064	0.0028296378441155
34.895999908447	0.018793586641550	0.0025324027519673
34.911998748779	0.018839552998543	0.0022364782635123
34.928001403809	0.018877249211073	0.0019422939512879
34.944000244141	0.018906887620687	0.0016502622747794
34.959999084473	0.018928708508611	0.0013607810251415
34.976001739502	0.018942976370454	0.0010742301819846
34.992000579834	0.018949981778860	0.00079097191337496
35.007999420166	0.018950026482344	0.00051134789828211
35.023998260498	0.018943436443806	0.00023567935568281
35.040000915527	0.018930558115244	-3.5734479752136e-05
35.055999755859	0.018911752849817	-0.00030261746724136
35.071998596191	0.018887391313910	-0.00056471733842045
35.088001251221	0.018857866525650	-0.00082180631579831
35.104000091553	0.018823580816388	-0.0010736820986494
35.119998931885	0.018784947693348	-0.0013201688416302
35.136001586914	0.018742386251688	-0.0015611164271832
35.152000427246	0.018696324899793	-0.0017964025028050
35.167999267578	0.018647201359272	-0.0020259323064238
35.183998107910	0.018595453351736	-0.0022496448364109
35.200000762939	0.018541526049376	-0.0024674793239683
35.215999603271	0.018485859036446	-0.0026794502045959
35.231998443604	0.018428897485137	-0.0028855572454631
35.248001098633	0.018371075391769	-0.0030858458485454
35.263999938965	0.018312837928534	-0.0032803930807859
35.279998779297	0.018254609778523	-0.0034692971967161
35.296001434326	0.018196811899543	-0.0036526820622385
35.312000274658	0.018139865249395	-0.0038307008799165
35.327999114990	0.018084172159433	-0.0040035303682089
35.344001770020	0.018030121922493	-0.0041713751852512
35.360000610352	0.017978101968765	-0.0043344628065825
35.375999450684	0.017928468063474	-0.0044930446892977
35.391998291016	0.017881577834487	-0.0046473951078951
35.408000946045	0.017837759107351	-0.0047978092916310
35.423999786377	0.017797326669097	-0.0049446062184870
35.439998626709	0.017760574817657	-0.0050881216302514
35.456001281738	0.017727777361870	-0.0052287117578089
35.472000122070	0.017699183896184	-0.0053667472675443
35.487998962402	0.017675029113889	-0.0055026188492775
35.504001617432	0.017655512318015	-0.0056367288343608
35.520000457764	0.017640819773078	-0.0057694958522916
35.535999298096	0.017631106078625	-0.0059013478457928
35.551998138428	0.017626497894526	-0.0060327248647809
35.568000793457	0.017627106979489	-0.0061640753410757
35.583999633789	0.017633005976677	-0.0062958574853837
35.599998474121	0.017644243314862	-0.0064285309053957
35.616001129150	0.017660845071077	-0.0065625649876893
35.631999969482	0.017682805657387	-0.0066984314471483
35.647998809814	0.017710089683533	-0.0068365996703506
35.664001464844	0.017742637544870	-0.0069775409065187
35.680000305176	0.017780359834433	-0.0071217278018594
35.695999145508	0.017823141068220	-0.0072696250863373
35.712001800537	0.017870834097266	-0.0074216974899173
35.728000640869	0.017923267558217	-0.0075783985666931
35.743999481201	0.017980242148042	-0.0077401781454682
35.759998321533	0.018041536211967	-0.0079074753448367
35.776000976562	0.018106894567609	-0.0080807190388441
35.791999816895	0.018176037818193	-0.0082603245973587
35.807998657227	0.018248669803143	-0.0084466980770230
35.824001312256	0.018324458971620	-0.0086402241140604
35.840000152588	0.018403058871627	-0.0088412771001458
35.855998992920	0.018484098836780	-0.0090502128005028
35.872001647949	0.018567183986306	-0.0092673655599356
35.888000488281	0.018651902675629	-0.0094930557534099
35.903999328613	0.018737819045782	-0.0097275767475367
35.919998168945	0.018824484199286	-0.0099712060764432
35.936000823975	0.018911428749561	-0.010224192403257
35.951999664307	0.018998172134161	-0.010486767627299
35.967998504639	0.019084211438894	-0.010759134776890
35.984001159668	0.019169036298990	-0.011041474528611
36.000000000000	0.019252123311162	-0.011333936825395
36.015998840332	0.019332937896252	-0.011636651121080
36.032001495361	0.019410932436585	-0.011949716135859
36.048000335693	0.019485563039780	-0.012273208238184
36.063999176025	0.019556263461709	-0.012607169337571
36.080001831055	0.019622474908829	-0.012951618991792
36.096000671387	0.019683629274368	-0.013306543231010
36.111999511719	0.019739160314202	-0.013671905733645
36.127998352051	0.019788492470980	-0.014047638513148
36.144001007080	0.019831061363220	-0.014433641918004
36.159999847412	0.019866302609444	-0.014829796738923
36.175998687744	0.019893651828170	-0.015235945582390
36.192001342773	0.019912546500564	-0.015651907771826
36.208000183105	0.019922442734241	-0.016077481210232
36.223999023438	0.019922792911530	-0.016512425616384
36.240001678467	0.019913064315915	-0.016956478357315
36.256000518799	0.019892733544111	-0.017409352585673
36.271999359131	0.019861288368702	-0.017870735377073
36.287998199463	0.019818231463432	-0.018340284004807
36.304000854492	0.019763076677918	-0.018817638978362
36.319999694824	0.019695358350873	-0.019302411004901
36.335998535156	0.019614618271589	-0.019794190302491
36.352001190186	0.019520429894328	-0.020292544737458
36.368000030518	0.019412370398641	-0.020797027274966
36.383998870850	0.019290046766400	-0.021307159215212
36.400001525879	0.019153082743287	-0.021822448819876
36.416000366211	0.019001122564077	-0.022342395037413
36.431999206543	0.018833834677935	-0.022866465151310
36.448001861572	0.018650911748409	-0.023394120857120
36.464000701904	0.018452063202858	-0.023924805223942
36.479999542236	0.018237030133605	-0.024457948282361
36.495998382568	0.018005577847362	-0.024992970749736
36.512001037598	0.017757490277290	-0.025529280304909
36.527999877930	0.017492583021522	-0.026066273450851
36.543998718262	0.017210697755218	-0.026603342965245
36.560001373291	0.016911694779992	-0.027139874175191
36.576000213623	0.016595469787717	-0.027675244957209
36.591999053955	0.016261942684650	-0.028208822011948
36.608001708984	0.015911057591438	-0.028739981353283
36.624000549316	0.015542784705758	-0.029268091544509
36.639999389648	0.015157122164965	-0.029792517423630
36.655998229980	0.014754096977413	-0.030312629416585
36.672000885010	0.014333761297166	-0.030827794224024
36.687999725342	0.013896182179451	-0.031337387859821
36.703998565674	0.013441473245621	-0.031840790063143
36.720001220703	0.012969757430255	-0.032337378710508
36.736000061035	0.012481188401580	-0.032826542854309
36.751998901367	0.011975938454270	-0.033307686448097
36.768001556396	0.011454209685326	-0.033780213445425
36.784000396729	0.010916235856712	-0.034243527799845
36.799999237061	0.010362249799073	-0.034697074443102
36.816001892090	0.0097925309091806	-0.035140275955200
36.832000732422	0.0092073595151305	-0.035572592169046
36.847999572754	0.0086070531979203	-0.035993482917547
36.863998413086	0.0079919351264834	-0.036402430385351
36.880001068115	0.0073623559437692	-0.036798920482397
36.895999908447	0.0067186797969043	-0.037182472646236
36.911998748779	0.0060613006353378	-0.037552606314421
36.928001403809	0.0053906026296318	-0.037908867001534
36.944000244141	0.0047070090658963	-0.038250811398029
36.959999084473	0.0040109502151608	-0.038578022271395
36.976001739502	0.0033028647303581	-0.038890097290277
36.992000579834	0.0025832096580416	-0.039186649024487
37.007999420166	0.0018524457700551	-0.039467312395573
37.023998260498	0.0011110572377220	-0.039731748402119
37.040000915527	0.00035952206235379	-0.039979625493288
37.055999755859	-0.00040166100370698	-0.040210641920567
37.071998596191	-0.0011719968169928	-0.040424510836601
37.088001251221	-0.0019509714329615	-0.040620971471071
37.104000091553	-0.0027380718383938	-0.040799774229527
37.119998931885	-0.0035327863879502	-0.040960695594549
37.136001586914	-0.0043345992453396	-0.041103534400463
37.152000427246	-0.0051429760642350	-0.041228100657463
37.167999267578	-0.0059573957696557	-0.041334237903357
37.183998107910	-0.0067773452028632	-0.041421789675951
37.200000762939	-0.0076022804714739	-0.041490636765957
37.215999603271	-0.0084316963329911	-0.041540671139956
37.231998443604	-0.0092650605365634	-0.041571803390980
37.248001098633	-0.010101857595146	-0.041583962738514
37.263999938965	-0.010941577143967	-0.041577093303204
37.279998779297	-0.011783701367676	-0.041551165282726
37.296001434326	-0.012627723626792	-0.041506152600050
37.312000274658	-0.013473148457706	-0.041442058980465
37.327999114990	-0.014319478534162	-0.041358888149261
37.344001770020	-0.015166224911809	-0.041256677359343
37.360000610352	-0.016012914478779	-0.041135460138321
37.375999450684	-0.016859071329236	-0.040995296090841
37.391998291016	-0.017704220488667	-0.040836252272129
37.408000946045	-0.018547916784883	-0.040658410638571
37.423999786377	-0.019389711320400	-0.040461860597134
37.439998626709	-0.020229168236256	-0.040246706455946
37.456001281738	-0.021065847948194	-0.040013071149588
37.472000122070	-0.021899344399571	-0.039761062711477
37.487998962402	-0.022729244083166	-0.039490826427937
37.504001617432	-0.023555140942335	-0.039202492684126
37.520000457764	-0.024376656860113	-0.038896217942238
37.535999298096	-0.025193395093083	-0.038572158664465
37.551998138428	-0.026005012914538	-0.038230467587709
37.568000793457	-0.026811126619577	-0.037871312350035
37.583999633789	-0.027611397206783	-0.037494871765375
37.599998474121	-0.028405480086803	-0.037101309746504
37.616001129150	-0.029193051159382	-0.036690823733807
37.631999969482	-0.029973786324263	-0.036263581365347
37.647998809814	-0.030747367069125	-0.035819776356220
37.664001464844	-0.031513500958681	-0.035359594970942
37.680000305176	-0.032271891832352	-0.034883212298155
37.695999145508	-0.033022243529558	-0.034390844404697
37.712001800537	-0.033764280378819	-0.033882662653923
37.728000640869	-0.034497741609812	-0.033358860760927
37.743999481201	-0.035222355276346	-0.032819621264935
37.759998321533	-0.035937860608101	-0.032265149056911
37.776000976562	-0.036644019186497	-0.031695619225502
37.791999816895	-0.037340562790632	-0.031111240386963
37.807998657227	-0.038027267903090	-0.030512174591422
37.824001312256	-0.038703907281160	-0.029898602515459
37.840000152588	-0.039370227605104	-0.029270732775331
37.855998992920	-0.040026016533375	-0.028628718107939
37.872001647949	-0.040671035647392	-0.027972768992186
37.888000488281	-0.041305068880320	-0.027303040027618
37.903999328613	-0.041927918791771	-0.026619674637914
37.919998168945	-0.042539328336716	-0.025922913104296
37.936000823975	-0.043139100074768	-0.025212896987796
37.951999664307	-0.043727010488510	-0.024489788338542
37.967998504639	-0.044302865862846	-0.023753739893436
37.984001159668	-0.044866424053907	-0.023004937916994
38.000000000000	-0.045417465269566	-0.022243576124310
38.015998840332	-0.045955814421177	-0.021469715982676
38.032001495361	-0.046481192111969	-0.020683655515313
38.048000335693	-0.046993419528008	-0.019885446876287
38.063999176025	-0.047492261976004	-0.019075300544500
38.080001831055	-0.047977484762669	-0.018253371119499
38.096000671387	-0.048448868095875	-0.017419824376702
38.111999511719	-0.048906173557043	-0.016574818640947
38.127998352051	-0.049349162727594	-0.015718547627330
38.144001007080	-0.049777600914240	-0.014851125888526
38.159999847412	-0.050191242247820	-0.013972786255181
38.175998687744	-0.050589840859175	-0.013083637692034
38.192001342773	-0.050973139703274	-0.012183930724859
38.208000183105	-0.051340896636248	-0.011273758485913
38.223999023438	-0.051692832261324	-0.010353392921388
38.240001678467	-0.052028700709343	-0.0094229560345411
38.256000518799	-0.052348211407661	-0.0084827356040478
38.271999359131	-0.052651107311249	-0.0075328494422138
38.287998199463	-0.052937112748623	-0.0065735345706344
38.304000854492	-0.053205940872431	-0.0056050228886306
38.319999694824	-0.053457308560610	-0.0046275262720883
38.335998535156	-0.053690936416388	-0.0036413045600057
38.352001190186	-0.053906518965960	-0.0026465982664376
38.368000030518	-0.054103780537844	-0.0016436323057860
38.383998870850	-0.054282408207655	-0.00063270336249843
38.400001525879	-0.054442122578621	0.00038589403266087
38.416000366211	-0.054582610726357	0.0014119468396530
38.431999206543	-0.054703578352928	0.0024450630880892
38.448001861572	-0.054804731160402	0.0034849697258323
38.464000701904	-0.054885759949684	0.0045313183218241
38.479999542236	-0.054946370422840	0.0055838264524937
38.495998382568	-0.054986268281937	0.0066420966759324
38.512001037598	-0.055005148053169	0.0077057708986104
38.527999877930	-0.055002726614475	0.0087744537740946
38.543998718262	-0.054978702217340	0.0098477872088552
38.560001373291	-0.054932802915573	0.010925311595201
38.576000213623	-0.054864741861820	0.012006606906652
38.591999053955	-0.054774239659309	0.013091290369630
38.608001708984	-0.054661046713591	0.014178823679686
38.624000549316	-0.054524876177311	0.015268784947693
38.639999389648	-0.054365489631891	0.016360692679882
38.655998229980	-0.054182641208172	0.017454011365771
38.672000885010	-0.053976111114025	0.018548212945461
38.687999725342	-0.053745653480291	0.019642816856503
38.703998565674	-0.053491055965424	0.020737260580063
38.720001220703	-0.053212143480778	0.021830942481756
38.736000061035	-0.052908718585968	0.022923300042748
38.751998901367	-0.052580602467060	0.024013767018914
38.768001556396	-0.052227653563023	0.025101695209742
38.784000396729	-0.051849707961082	0.026186533272266
38.799999237061	-0.051446661353111	0.027267584577203
38.816001892090	-0.051018409430981	0.028344213962555
38.832000732422	-0.050564870238304	0.029415756464005
38.847999572754	-0.050085954368114	0.030481584370136
38.863998413086	-0.049581609666348	0.031541004776955
38.880001068115	-0.049051839858294	0.032593302428722
38.895999908447	-0.048496633768082	0.033637776970863
38.911998748779	-0.047915972769260	0.034673765301704
38.928001403809	-0.047309938818216	0.035700492560863
38.944000244141	-0.046678554266691	0.036717295646667
38.959999084473	-0.046021934598684	0.037723407149315
38.976001739502	-0.045340184122324	0.038718093186617
38.992000579834	-0.044633440673351	0.039700627326965
39.007999420166	-0.043901845812798	0.040670286864042
39.023998260498	-0.043145645409822	0.041626259684563
39.040000915527	-0.042364973574877	0.042567886412144
39.055999755859	-0.041560128331184	0.043494362384081
39.071998596191	-0.040731355547905	0.044404979795218
39.088001251221	-0.039878942072392	0.045298989862204
39.104000091553	-0.039003223180771	0.046175640076399
39.119998931885	-0.038104597479105	0.047034166753292
39.136001586914	-0.037183344364166	0.047873917967081
39.152000427246	-0.036239929497242	0.048694130033255
39.167999267578	-0.035274744033813	0.049494106322527
39.183998107910	-0.034288309514523	0.050273112952709
39.200000762939	-0.033281031996012	0.051030501723289
39.215999603271	-0.032253526151180	0.051765527576208
39.231998443604	-0.031206250190735	0.052477583289146
39.248001098633	-0.030139796435833	0.053165983408689
39.263999938965	-0.029054768383503	0.053830098360777
39.279998779297	-0.027951763942838	0.054469302296638
39.296001434326	-0.026831453666091	0.055082973092794
39.312000274658	-0.025694493204355	0.055670551955700
39.327999114990	-0.024541566148400	0.056231457740068
39.344001770020	-0.023373397067189	0.056765146553516
39.360000610352	-0.022190721705556	0.057271093130112
39.375999450684	-0.020994273945689	0.057748813182116
39.391998291016	-0.019784910604358	0.058197785168886
39.408000946045	-0.018563352525234	0.058617603033781
39.423999786377	-0.017330411821604	0.059007830917835
39.439998626709	-0.016087038442492	0.059368040412664
39.456001281738	-0.014833966270089	0.059697896242142
39.472000122070	-0.013572120107710	0.059997040778399
39.487998962402	-0.012302347458899	0.060265164822340
39.504001617432	-0.011025629006326	0.060501970350742
39.520000457764	-0.0097427805885673	0.060707226395607
39.535999298096	-0.0084547754377127	0.060880694538355
39.551998138428	-0.0071625653654337	0.061022192239761
39.568000793457	-0.0058670546859503	0.061131559312344
39.583999633789	-0.0045692101120949	0.061208672821522
39.599998474121	-0.0032699767034501	0.061253443360329
39.616001129150	-0.0019703318830580	0.061265811324120
39.631999969482	-0.00067125668283552	0.061245750635862
39.647998809814	0.00062632554909214	0.061193272471428
39.664001464844	0.0019214322092012	0.061108432710171
39.680000305176	0.0032130528707057	0.060991290956736
39.695999145508	0.0045002968981862	0.060841970145702
39.712001800537	0.0057821311056614	0.060660623013973
39.728000640869	0.0070576448924839	0.060447424650192
39.743999481201	0.0083258468657732	0.060202594846487
39.759998321533	0.0095858126878738	0.059926383197308
39.776000976562	0.010836627334356	0.059619069099426
39.791999816895	0.012077353894711	0.059280969202518
39.807998657227	0.013307075016201	0.058912437409163
39.824001312256	0.014524880796671	0.058513849973679
39.840000152588	0.015729881823063	0.058085631579161
39.855998992920	0.016921253874898	0.057628210633993
39.872001647949	0.018098084256053	0.057142078876495
39.888000488281	0.019259562715888	0.056627739220858
39.903999328613	0.020404869690537	0.056085724383593
39.919998168945	0.021533200517297	0.055516593158245
39.936000823975	0.022643839940429	0.054920930415392
39.951999664307	0.023735973984003	0.054299365729094
39.967998504639	0.024808879941702	0.053652543574572
39.984001159668	0.025861850008368	0.052981130778790
40.000000000000	0.026894288137555	0.052285790443420
40.015998840332	0.027905438095331	0.051567275077105
40.032001495361	0.028894733637571	0.050826299935579
40.048000335693	0.029861578717828	0.050063617527485
40.063999176025	0.030805384740233	0.049280021339655
40.080001831055	0.031725663691759	0.048476260155439
40.096000671387	0.032621871680021	0.047653175890446
40.111999511719	0.033493537455797	0.046811595559120
40.127998352051	0.034340221434832	0.045952346175909
40.144001007080	0.035161517560482	0.045076277107000
40.159999847412	0.035957071930170	0.044184230268002
40.175998687744	0.036726523190737	0.043277092278004
40.192001342773	0.037469547241926	0.042355749756098
40.208000183105	0.038185868412256	0.041421093046665
40.223999023438	0.038875266909599	0.040473978966475
40.240001678467	0.039537519216537	0.039515331387520
40.256000518799	0.040172435343266	0.038546044379473
40.271999359131	0.040779892355204	0.037567012012005
40.287998199463	0.041359771043062	0.036579135805368
40.304000854492	0.041912019252777	0.035583287477493
40.319999694824	0.042436577379704	0.034580383449793
40.335998535156	0.042933419346809	0.033571321517229
40.352001190186	0.043402574956417	0.032557006925344
40.368000030518	0.043844118714333	0.031538266688585
40.383998870850	0.044258136302233	0.030515985563397
40.400001525879	0.044644717127085	0.029491061344743
40.416000366211	0.045004043728113	0.028464294970036
40.431999206543	0.045336272567511	0.027436558157206
40.448001861572	0.045641627162695	0.026408646255732
40.464000701904	0.045920349657536	0.025381369516253
40.479999542236	0.046172674745321	0.024355577304959
40.495998382568	0.046398915350437	0.023332001641393
40.512001037598	0.046599406749010	0.022311372682452
40.527999877930	0.046774443238974	0.021294541656971
40.543998718262	0.046924449503422	0.020282117649913
40.560001373291	0.047049779444933	0.019274860620499
40.576000213623	0.047150868922472	0.018273429945111
40.591999053955	0.047228138893843	0.017278505489230
40.608001708984	0.047282043844461	0.016290720552206
40.624000549316	0.047313064336777	0.015310686081648
40.639999389648	0.047321695834398	0.014338972046971
40.655998229980	0.047308437526226	0.013376188464463
40.672000885010	0.047273818403482	0.012422854080796
40.687999725342	0.047218397259712	0.011479442007840
40.703998565674	0.047142688184977	0.010546534322202
40.720001220703	0.047047290951014	0.0096245091408491
40.736000061035	0.046932768076658	0.0087138330563903
40.751998901367	0.046799704432487	0.0078149000182748
40.768001556396	0.046648681163788	0.0069281472824514
40.784000396729	0.046480327844620	0.0060538542456925
40.799999237061	0.046295225620270	0.0051924060098827
40.816001892090	0.046094000339508	0.0043440759181976
40.832000732422	0.045877259224653	0.0035091564059258
40.847999572754	0.045645613223314	0.0026878917124122
40.863998413086	0.045399699360132	0.0018804819555953
40.880001068115	0.045140121132135	0.0010871242266148
40.895999908447	0.044867496937513	0.00030801346292719
40.911998748779	0.044582441449165	-0.00045674276771024
40.928001403809	0.044285565614700	-0.0012070377124473
40.944000244141	0.043977480381727	-0.0019427234074101
40.959999084473	0.043658774346113	-0.0026637790724635
40.976001739502	0.043330054730177	-0.0033701418433338
40.992000579834	0.042991898953915	-0.0040617892518640
41.007999420166	0.042644880712032	-0.0047388011589646
41.023998260498	0.042289577424526	-0.0054010902531445
41.040000915527	0.041926540434361	-0.0060487738810480
41.055999755859	0.041556313633919	-0.0066819405183196
41.071998596191	0.041179429739714	-0.0073006185702980
41.088001251221	0.040796417742968	-0.0079049710184336
41.104000091553	0.040407769382000	-0.0084951138123870
41.119998931885	0.040013995021582	-0.0090711573138833
41.136001586914	0.039615560323000	-0.0096333222463727
41.152000427246	0.039212923496962	-0.010181764140725
41.167999267578	0.038806542754173	-0.010716647841036
41.183998107910	0.038396835327148	-0.011238225735724
41.200000762939	0.037984225898981	-0.011746698059142
41.215999603271	0.037569090723991	-0.012242313474417
41.231998443604	0.037151824682951	-0.012725309468806
41.248001098633	0.036732781678438	-0.013195925392210
41.263999938965	0.036312293261290	-0.013654464855790
41.279998779297	0.035890687257051	-0.014101174660027
41.296001434326	0.035468265414238	-0.014536345377564
41.312000274658	0.035045318305492	-0.014960249885917
41.327999114990	0.034622106701136	-0.015373201109469
41.344001770020	0.034198876470327	-0.015775483101606
41.360000610352	0.033775847405195	-0.016167426481843
41.375999450684	0.033353246748447	-0.016549285501242
41.391998291016	0.032931260764599	-0.016921397298574
41.408000946045	0.032510045915842	-0.017284080386162
41.423999786377	0.032089784741402	-0.017637597396970
41.439998626709	0.031670585274696	-0.017982289195061
41.456001281738	0.031252577900887	-0.018318457528949
41.472000122070	0.030835863202810	-0.018646387383342
41.487998962402	0.030420539900661	-0.018966365605593
41.504001617432	0.030006648972631	-0.019278721883893
41.520000457764	0.029594268649817	-0.019583705812693
41.535999298096	0.029183430597186	-0.019881611689925
41.551998138428	0.028774140402675	-0.020172726362944
41.568000793457	0.028366426005960	-0.020457306876779
41.583999633789	0.027960276231170	-0.020735600963235
41.599998474121	0.027555681765079	-0.021007860079408
41.616001129150	0.027152584865689	-0.021274361759424
41.631999969482	0.026750978082418	-0.021535292267799
41.647998809814	0.026350775733590	-0.021790899336338
41.664001464844	0.025951940566301	-0.022041382268071
41.680000305176	0.025554373860359	-0.022286958992481
41.695999145508	0.025158008560538	-0.022527813911438
41.712001800537	0.024762757122517	-0.022764101624489
41.728000640869	0.024368504062295	-0.022996027022600
41.743999481201	0.023975152522326	-0.023223720490932
41.759998321533	0.023582594469190	-0.023447323590517
41.776000976562	0.023190712556243	-0.023666981607676
41.791999816895	0.022799389436841	-0.023882791399956
41.807998657227	0.022408477962017	-0.024094881489873
41.824001312256	0.022017881274223	-0.024303333833814
41.840000152588	0.021627448499203	-0.024508219212294
41.855998992920	0.021237045526505	-0.024709630757570
41.872001647949	0.020846547558904	-0.024907607585192
41.888000488281	0.020455822348595	-0.025102185085416
41.903999328613	0.020064767450094	-0.025293389335275
41.919998168945	0.019673181697726	-0.025481278076768
41.936000823975	0.019281003624201	-0.025665817782283
41.951999664307	0.018888061866164	-0.025847034528852
41.967998504639	0.018494259566069	-0.026024892926216
41.984001159668	0.018099481239915	-0.026199365034699
42.000000000000	0.017703585326672	-0.026370441541076
42.015998840332	0.017306488007307	-0.026538049802184
42.032001495361	0.016908068209887	-0.026702146977186
42.048000335693	0.016508238390088	-0.026862664148211
42.063999176025	0.016106912866235	-0.027019526809454
42.080001831055	0.015703976154327	-0.027172667905688
42.096000671387	0.015299377962947	-0.027321977540851
42.111999511719	0.014893057756126	-0.027467370033264
42.127998352051	0.014484939165413	-0.027608735486865
42.144001007080	0.014074956066906	-0.027745977044106
42.159999847412	0.013663074001670	-0.027878977358341
42.175998687744	0.013249286450446	-0.028007598593831
42.192001342773	0.012833531945944	-0.028131738305092
42.208000183105	0.012415789067745	-0.028251266106963
42.223999023438	0.011996072717011	-0.028366046026349
42.240001678467	0.011574375443161	-0.028475943952799
42.256000518799	0.011150722391903	-0.028580822050571
42.271999359131	0.010725106112659	-0.028680551797152
42.287998199463	0.010297566652298	-0.028774999082088
42.304000854492	0.0098681766539812	-0.028864007443190
42.319999694824	0.0094369612634182	-0.028947452083230
42.335998535156	0.0090039782226086	-0.029025198891759
42.352001190186	0.0085692815482616	-0.029097111895680
42.368000030518	0.0081329802051187	-0.029163055121899
42.383998870850	0.0076951584778726	-0.029222896322608
42.400001525879	0.0072559104301035	-0.029276510700583
42.416000366211	0.0068153287284076	-0.029323779046535
42.431999206543	0.0063735516741872	-0.029364574700594
42.448001861572	0.0059306682087481	-0.029398791491985
42.464000701904	0.0054868287406862	-0.029426317662001
42.479999542236	0.0050421743653715	-0.029447047039866
42.495998382568	0.0045968382619321	-0.029460880905390
42.512001037598	0.0041509862057865	-0.029467727988958
42.527999877930	0.0037047746591270	-0.029467508196831
42.543998718262	0.0032583503052592	-0.029460139572620
42.560001373291	0.0028118919581175	-0.029445553198457
42.576000213623	0.0023655821569264	-0.029423687607050
42.591999053955	0.0019195922650397	-0.029394483193755
42.608001708984	0.0014740973711014	-0.029357900843024
42.624000549316	0.0010293021332473	-0.029313895851374
42.639999389648	0.00058538623852655	-0.029262442141771
42.655998229980	0.00014254479901865	-0.029203517362475
42.672000885010	-0.00029903964605182	-0.029137112200260
42.687999725342	-0.00073914183303714	-0.029063221067190
42.703998565674	-0.0011775777675211	-0.028981849551201
42.720001220703	-0.0016141769010574	-0.028893014416099
42.736000061035	-0.0020486861467361	-0.028796739876270
42.751998901367	-0.0024809497408569	-0.028693055734038
42.768001556396	-0.0029107714071870	-0.028582006692886
42.784000396729	-0.0033379159867764	-0.028463643044233
42.799999237061	-0.0037622177042067	-0.028338026255369
42.816001892090	-0.0041834861040115	-0.028205221518874
42.832000732422	-0.0046015344560146	-0.028065305203199
42.847999572754	-0.0050161629915237	-0.027918366715312
42.863998413086	-0.0054271924309433	-0.027764495462179
42.880001068115	-0.0058344439603388	-0.027603793889284
42.895999908447	-0.0062377457506955	-0.027436375617981
42.911998748779	-0.0066369525156915	-0.027262341231108
42.928001403809	-0.0070318505167961	-0.027081834152341
42.944000244141	-0.0074223056435585	-0.026894973590970
42.959999084473	-0.0078081893734634	-0.026701891794801
42.976001739502	-0.0081893289461732	-0.026502739638090
42.992000579834	-0.0085655804723501	-0.026297662407160
43.007999420166	-0.0089368345215917	-0.026086810976267
43.023998260498	-0.0093029588460922	-0.025870341807604
43.040000915527	-0.0096638053655624	-0.025648429989815
43.055999755859	-0.010019331239164	-0.025421218946576
43.071998596191	-0.010369376279414	-0.025188896805048
43.088001251221	-0.010713835246861	-0.024951646104455
43.104000091553	-0.011052684858441	-0.024709613993764
43.119998931885	-0.011385762132704	-0.024463014677167
43.136001586914	-0.011713079176843	-0.024211995303631
43.152000427246	-0.012034513056278	-0.023956766352057
43.167999267578	-0.012350039556623	-0.023697491735220
43.183998107910	-0.012659618631005	-0.023434355854988
43.200000762939	-0.012963216751814	-0.023167537525296
43.215999603271	-0.013260764069855	-0.022897243499756
43.231998443604	-0.013552239164710	-0.022623658180237
43.248001098633	-0.013837674632668	-0.022346936166286
43.263999938965	-0.014117038808763	-0.022067271173000
43.279998779297	-0.014390350319445	-0.021784828975797
43.296001434326	-0.014657615683973	-0.021499790251255
43.312000274658	-0.014918822795153	-0.021212343126535
43.327999114990	-0.015174007974565	-0.020922653377056
43.344001770020	-0.015423214994371	-0.020630877465010
43.360000610352	-0.015666482970119	-0.020337168127298
43.375999450684	-0.015903847292066	-0.020041700452566
43.391998291016	-0.016135340556502	-0.019744634628296
43.408000946045	-0.016361059620976	-0.019446086138487
43.423999786377	-0.016581049188972	-0.019146215170622
43.439998626709	-0.016795352101326	-0.018845178186893
43.456001281738	-0.017004076391459	-0.018543073907495
43.472000122070	-0.017207255586982	-0.018240068107843
43.487998962402	-0.017405012622476	-0.017936239019036
43.504001617432	-0.017597427591681	-0.017631707713008
43.520000457764	-0.017784541472793	-0.017326623201370
43.535999298096	-0.017966482788324	-0.017021050676703
43.551998138428	-0.018143363296986	-0.016715060919523
43.568000793457	-0.018315216526389	-0.016408812254667
43.583999633789	-0.018482182174921	-0.016102332621813
43.599998474121	-0.018644377589226	-0.015795677900314
43.616001129150	-0.018801847472787	-0.015488972887397
43.631999969482	-0.018954705446959	-0.015182266943157
43.647998809814	-0.019103087484837	-0.014875565655529
43.664001464844	-0.019247058779001	-0.014568964950740
43.680000305176	-0.019386747851968	-0.014262453652918
43.695999145508	-0.019522191956639	-0.013956157490611
43.712001800537	-0.019653541967273	-0.013650022447109
43.728000640869	-0.019780883565545	-0.013344087637961
43.743999481201	-0.019904306158423	-0.013038365170360
43.759998321533	-0.020023876801133	-0.012732900679111
43.776000976562	-0.020139709115028	-0.012427660636604
43.791999816895	-0.020251879468560	-0.012122647836804
43.807998657227	-0.020360469818115	-0.011817854829133
43.824001312256	-0.020465549081564	-0.011513276956975
43.840000152588	-0.020567193627357	-0.011208902113140
43.855998992920	-0.020665455609560	-0.010904734954238
43.872001647949	-0.020760443061590	-0.010600657202303
43.888000488281	-0.020852159708738	-0.010296748951077
43.903999328613	-0.020940700545907	-0.0099929049611092
43.919998168945	-0.021026095375419	-0.0096891196444631
43.936000823975	-0.021108405664563	-0.0093853222206235
43.951999664307	-0.021187633275986	-0.0090815424919128
43.967998504639	-0.021263843402267	-0.0087776659056544
43.984001159668	-0.021337050944567	-0.0084736775606871
44.000000000000	-0.021407281979918	-0.0081695215776563
44.015998840332	-0.021474545821548	-0.0078651588410139
44.032001495361	-0.021538849920034	-0.0075605511665344
44.048000335693	-0.021600209176540	-0.0072556179948151
44.063999176025	-0.021658618003130	-0.0069503202103078
44.080001831055	-0.021714063361287	-0.0066446159034967
44.096000671387	-0.021766519173980	-0.0063385078683496
44.111999511719	-0.021815989166498	-0.0060318727046251
44.127998352051	-0.021862441673875	-0.0057246917858720
44.144001007080	-0.021905843168497	-0.0054169278591871
44.159999847412	-0.021946156397462	-0.0051085422746837
44.175998687744	-0.021983334794641	-0.0047995205968618
44.192001342773	-0.022017342969775	-0.0044897855259478
44.208000183105	-0.022048126906157	-0.0041793263517320
44.223999023438	-0.022075630724430	-0.0038681114092469
44.240001678467	-0.022099787369370	-0.0035561549011618
44.256000518799	-0.022120546549559	-0.0032433457672596
44.271999359131	-0.022137828171253	-0.0029297661967576
44.287998199463	-0.022151565179229	-0.0026153528597206
44.304000854492	-0.022161679342389	-0.0023001297377050
44.319999694824	-0.022168098017573	-0.0019840619061142
44.335998535156	-0.022170735523105	-0.0016671584453434
44.352001190186	-0.022169513627887	-0.0013494542799890
44.368000030518	-0.022164339199662	-0.0010309655917808
44.383998870850	-0.022155134007335	-0.00071169243892655
44.400001525879	-0.022141803056002	-0.00039168001967482
44.416000366211	-0.022124258801341	-7.0935690018814e-05
44.431999206543	-0.022102409973741	0.00025048706447706
44.448001861572	-0.022076169028878	0.00057253072736785
44.464000701904	-0.022045440971851	0.00089515454601496
44.479999542236	-0.022010140120983	0.0012182508362457
44.495998382568	-0.021970173344016	0.0015418545808643
44.512001037598	-0.021925453096628	0.0018658493645489
44.527999877930	-0.021875895559788	0.0021901153959334
44.543998718262	-0.021821411326528	0.0025146326515824
44.560001373291	-0.021761918440461	0.0028393142856658
44.576000213623	-0.021697340533137	0.0031639868393540
44.591999053955	-0.021627591922879	0.0034886593930423
44.608001708984	-0.021552613005042	0.0038131088949740
44.624000549316	-0.021472316235304	0.0041373167186975
44.639999389648	-0.021386645734310	0.0044611347839236
44.655998229980	-0.021295532584190	0.0047844541259110
44.672000885010	-0.021198917180300	0.0051071415655315
44.687999725342	-0.021096758544445	0.0054290411062539
44.703998565674	-0.020988998934627	0.0057500340044498
44.720001220703	-0.020875588059425	0.0060700173489749
44.736000061035	-0.020756505429745	0.0063887885771692
44.751998901367	-0.020631706342101	0.0067062401212752
44.768001556396	-0.020501162856817	0.0070222229696810
44.784000396729	-0.020364865660667	0.0073365676216781
44.799999237061	-0.020222792401910	0.0076491208747029
44.816001892090	-0.020074933767319	0.0079597504809499
44.832000732422	-0.019921304658055	0.0082682427018881
44.847999572754	-0.019761888310313	0.0085745025426149
44.863998413086	-0.019596725702286	0.0088782953098416
44.880001068115	-0.019425805658102	0.0091795241460204
44.895999908447	-0.019249163568020	0.0094780139625072
44.911998748779	-0.019066853448749	0.0097735533490777
44.928001403809	-0.018878882750869	0.010066043585539
44.944000244141	-0.018685331568122	0.010355258360505
44.959999084473	-0.018486239016056	0.010641064494848
44.976001739502	-0.018281653523445	0.010923328809440
44.992000579834	-0.018071660771966	0.011201849207282
45.007999420166	-0.017856335267425	0.011476479470730
45.023998260498	-0.017635723575950	0.011747109703720
45.040000915527	-0.017409976571798	0.012013496831059
45.055999755859	-0.017179122194648	0.012275584042072
45.071998596191	-0.016943322494626	0.012533141300082
45.088001251221	-0.016702629625797	0.012786101549864
45.104000091553	-0.016457190737128	0.013034271076322
45.119998931885	-0.016207136213779	0.013277512975037
45.136001586914	-0.015952533110976	0.013515752740204
45.152000427246	-0.015693556517363	0.013748814351857
45.167999267578	-0.015430319122970	0.013976602815092
45.183998107910	-0.015162973664701	0.014198985882103
45.200000762939	-0.014891639351845	0.014415874145925
45.215999603271	-0.014616524800658	0.014627104625106
45.231998443604	-0.014337700791657	0.014832657761872
45.248001098633	-0.014055351726711	0.015032407827675
45.263999938965	-0.013769656419754	0.015226250514388
45.279998779297	-0.013480752706528	0.015414125286043
45.296001434326	-0.013188806362450	0.015595953911543
45.312000274658	-0.012894006446004	0.015771651640534
45.327999114990	-0.012596496380866	0.015941174700856
45.344001770020	-0.012296434491873	0.016104478389025
45.360000610352	-0.011994015425444	0.016261495649815
45.375999450684	-0.011689401231706	0.016412187367678
45.391998291016	-0.011382774449885	0.016556518152356
45.408000946045	-0.011074299924076	0.016694461926818
45.423999786377	-0.010764142498374	0.016826001927257
45.439998626709	-0.010452471673489	0.016951125115156
45.456001281738	-0.010139497928321	0.017069799825549
45.472000122070	-0.0098253404721618	0.017182052135468
45.487998962402	-0.0095101967453957	0.017287870869040
45.504001617432	-0.0091942138969898	0.017387276515365
45.520000457764	-0.0088776070624590	0.017480261623859
45.535999298096	-0.0085604861378670	0.017566876485944
45.551998138428	-0.0082430290058255	0.017647137865424
45.568000793457	-0.0079254107549787	0.017721073701978
45.583999633789	-0.0076077543199062	0.017788734287024
45.599998474121	-0.0072902664542198	0.017850147560239
45.616001129150	-0.0069730454124510	0.017905378714204
45.631999969482	-0.0066562416031957	0.017954476177692
45.647998809814	-0.0063400371000171	0.017997490242124
45.664001464844	-0.0060245399363339	0.018034489825368
45.680000305176	-0.0057098921388388	0.018065540120006
45.695999145508	-0.0053962143138051	0.018090715631843
45.712001800537	-0.0050836559385061	0.018110079690814
45.728000640869	-0.0047722994349897	0.018123725429177
45.743999481201	-0.0044623059220612	0.018131714314222
45.759998321533	-0.0041537471115589	0.018134141340852
45.776000976562	-0.0038467792328447	0.018131081014872
45.791999816895	-0.0035414679441601	0.018122628331184
45.807998657227	-0.0032379089388996	0.018108872696757
45.824001312256	-0.0029362125787884	0.018089899793267
45.840000152588	-0.0026364508084953	0.018065804615617
45.855998992920	-0.0023387612309307	0.018036670982838
45.872001647949	-0.0020431403536350	0.018002605065703
45.888000488281	-0.0017497179796919	0.017963692545891
45.903999328613	-0.0014585525495932	0.017920030280948
45.919998168945	-0.0011697162408382	0.017871709540486
45.936000823975	-0.00088324351236224	0.017818827182055
45.951999664307	-0.00059921731008217	0.017761474475265
45.967998504639	-0.00031768315238878	0.017699742689729
45.984001159668	-3.8700705772499e-05	0.017633724957705
46.000000000000	0.00023770684492774	0.017563514411449
46.015998840332	0.00051148526836187	0.017489193007350
46.032001495361	0.00078258314169943	0.017410853877664
46.048000335693	0.0010509844869375	0.017328580841422
46.063999176025	0.0013166591525078	0.017242457717657
46.080001831055	0.0015795624349266	0.017152570188046
46.096000671387	0.0018396676750854	0.017058992758393
46.111999511719	0.0020969673059881	0.016961807385087
46.127998352051	0.0023514376953244	0.016861086711287
46.144001007080	0.0026030414737761	0.016756907105446
46.159999847412	0.0028517900500447	0.016649335622787
46.175998687744	0.0030976326670498	0.016538446769118
46.192001342773	0.0033405986614525	0.016424296423793
46.208000183105	0.0035806226078421	0.016306959092617
46.223999023438	0.0038177045062184	0.016186496242881
46.240001678467	0.0040518888272345	0.016062948852777
46.256000518799	0.0042830831371248	0.015936397016048
46.271999359131	0.0045113335363567	0.015806879848242
46.287998199463	0.0047365762293339	0.015674456954002
46.304000854492	0.0049588726833463	0.015539166517556
46.319999694824	0.0051781465299428	0.015401069074869
46.335998535156	0.0053944098763168	0.015260201878846
46.352001190186	0.0056076613254845	0.015116607770324
46.368000030518	0.0058178398758173	0.014970345422626
46.383998870850	0.0060249846428633	0.014821431599557
46.400001525879	0.0062290760688484	0.014669909141958
46.416000366211	0.0064300536178052	0.014515833929181
46.431999206543	0.0066279238089919	0.014359231106937
46.448001861572	0.0068226782605052	0.014200128614902
46.464000701904	0.0070142815820873	0.014038571156561
46.479999542236	0.0072026969864964	0.013874596916139
46.495998382568	0.0073879123665392	0.013708235695958
46.512001037598	0.0075699170120060	0.013539511710405
46.527999877930	0.0077486443333328	0.013368480838835
46.543998718262	0.0079240929335356	0.013195158913732
46.560001373291	0.0080962209030986	0.013019587844610
46.576000213623	0.0082649756222963	0.012841816991568
46.591999053955	0.0084303375333548	0.012661870568991
46.608001708984	0.0085922656580806	0.012479792349041
46.624000549316	0.0087507255375385	0.012295613065362
46.639999389648	0.0089056529104710	0.012109396979213
46.655998229980	0.0090570254251361	0.011921170167625
46.672000885010	0.0092048086225986	0.011730969883502
46.687999725342	0.0093489252030849	0.011538870632648
46.703998565674	0.0094893425703049	0.011344912461936
46.720001220703	0.0096260057762265	0.011149154976010
46.736000061035	0.0097588915377855	0.010951632633805
46.751998901367	0.0098879151046276	0.010752436704934
46.768001556396	0.010013044811785	0.010551613755524
46.784000396729	0.010134229436517	0.010349233634770
46.799999237061	0.010251416824758	0.010145363397896
46.816001892090	0.010364563204348	0.0099400794133544
46.832000732422	0.010473608970642	0.0097334645688534
46.847999572754	0.010578510351479	0.0095255961641669
46.863998413086	0.010679234750569	0.0093165440484881
46.880001068115	0.010775724425912	0.0091064097359776
46.895999908447	0.010867926292121	0.0088952984660864
46.911998748779	0.010955813340843	0.0086832884699106
46.928001403809	0.011039339937270	0.0084704868495464
46.944000244141	0.011118479073048	0.0082569867372513
46.959999084473	0.011193174868822	0.0080429213121533
46.976001739502	0.011263424530625	0.0078283669427037
46.992000579834	0.011329182423651	0.0076134628616273
47.007999420166	0.011390425264835	0.0073983296751976
47.023998260498	0.011447145603597	0.0071830665692687
47.040000915527	0.011499322950840	0.0069678085856140
47.055999755859	0.011546934954822	0.0067527028732002
47.071998596191	0.011589997448027	0.0065378411673009
47.088001251221	0.011628500185907	0.0063233729451895
47.104000091553	0.011662441305816	0.0061094476841390
47.119998931885	0.011691846884787	0.0058961701579392
47.136001586914	0.011716711334884	0.0056837247684598
47.152000427246	0.011737079359591	0.0054722046479583
47.167999267578	0.011752968654037	0.0052617699839175
47.183998107910	0.011764414608479	0.0050525702536106
47.200000762939	0.011771467514336	0.0048447176814079
47.215999603271	0.011774160899222	0.0046383920125663
47.231998443604	0.011772563681006	0.0044337040744722
47.248001098633	0.011766731739044	0.0042308061383665
47.263999938965	0.011756734922528	0.0040298374369740
47.279998779297	0.011742645874619	0.0038309455849230
47.296001434326	0.011724555864930	0.0036342414095998
47.312000274658	0.011702546849847	0.0034398878924549
47.327999114990	0.011676715686917	0.0032480098307133
47.344001770020	0.011647173203528	0.0030587182845920
47.360000610352	0.011614033021033	0.0028721289709210
47.375999450684	0.011577401310205	0.0026883988175541
47.391998291016	0.011537409387529	0.0025076225865632
47.408000946045	0.011494191363454	0.0023299013264477
47.423999786377	0.011447878554463	0.0021553526166826
47.439998626709	0.011398617178202	0.0019840758759528
47.456001281738	0.011346556246281	0.0018161651678383
47.472000122070	0.011291851289570	0.0016517076874152
47.487998962402	0.011234661564231	0.0014907831791788
47.504001617432	0.011175153777003	0.0013334656832740
47.520000457764	0.011113498359919	0.0011798108462244
47.535999298096	0.011049871332943	0.0010298675624654
47.551998138428	0.010984445922077	0.00088373012840748
47.568000793457	0.010917409323156	0.00074138038326055
47.583999633789	0.010848945006728	0.00060289801331237
47.599998474121	0.010779241099954	0.00046828223275952
47.616001129150	0.010708487592638	0.00033754640026018
47.631999969482	0.010636877268553	0.00021069683134556
47.647998809814	0.010564602911472	8.7712927779648e-05
47.664001464844	0.010491858236492	-3.1392006349051e-05
47.680000305176	0.010418837890029	-0.00014667131472379
47.695999145508	0.010345735587180	-0.00025814407854341
47.712001800537	0.010272743180394	-0.00036586480564438
47.728000640869	0.010200053453445	-0.00046989310067147
47.743999481201	0.010127855464816	-0.00057030282914639
47.759998321533	0.010056333616376	-0.00066716235596687
47.776000976562	0.0099856751039624	-0.00076057302067056
47.791999816895	0.0099160568788648	-0.00085062003927305
47.807998657227	0.0098476558923721	-0.00093741039745510
47.824001312256	0.0097806397825480	-0.0010210910113528
47.840000152588	0.0097151771187782	-0.0011017541401088
47.855998992920	0.0096514215692878	-0.0011795675382018
47.872001647949	0.0095895277336240	-0.0012546625221148
47.888000488281	0.0095296390354633	-0.0013272069627419
47.903999328613	0.0094718942418694	-0.0013973503373563
47.919998168945	0.0094164172187448	-0.0014652946265414
47.936000823975	0.0093633271753788	-0.0015312049072236
47.951999664307	0.0093127368018031	-0.0015952711692080
47.967998504639	0.0092647466808558	-0.0016576804919168
47.984001159668	0.0092194406315684	-0.0017186623299494
48.000000000000	0.0091769006103277	-0.0017784073716030
48.015998840332	0.0091371908783913	-0.0018371472833678
48.032001495361	0.0091003701090813	-0.0018950835801661
48.048000335693	0.0090664783492684	-0.0019524589879438
48.063999176025	0.0090355472639203	-0.0020094942301512
48.080001831055	0.0090075954794884	-0.0020664245821536
48.096000671387	0.0089826285839081	-0.0021234729792923
48.111999511719	0.0089606363326311	-0.0021808936726302
48.127998352051	0.0089416010305285	-0.0022389034274966
48.144001007080	0.0089254798367620	-0.0022977669723332
48.159999847412	0.0089122308418155	-0.0023576961830258
48.175998687744	0.0089017869904637	-0.0024189504329115
48.192001342773	0.0088940756395459	-0.0024817450903356
48.208000183105	0.0088890017941594	-0.0025463271886110
48.223999023438	0.0088864639401436	-0.0026129081379622
48.240001678467	0.0088863419368863	-0.0026817319449037
48.256000518799	0.0088885063305497	-0.0027530072256923
48.271999359131	0.0088928071781993	-0.0028269579634070
48.287998199463	0.0088990954682231	-0.0029037643689662
48.304000854492	0.0089071895927191	-0.0029836569447070
48.319999694824	0.0089169079437852	-0.0030668221879750
48.335998535156	0.0089280586689711	-0.0031534282024950
48.352001190186	0.0089404303580523	-0.0032436579931527
48.368000030518	0.0089538050815463	-0.0033376670908183
48.383998870850	0.0089679434895515	-0.0034356350079179
48.400001525879	0.0089826183393598	-0.0035376609303057
48.416000366211	0.0089975651353598	-0.0036439101677388
48.431999206543	0.0090125352144241	-0.0037544653750956
48.448001861572	0.0090272473171353	-0.0038694578688592
48.464000701904	0.0090414276346564	-0.0039889714680612
48.479999542236	0.0090547911822796	-0.0041130739264190
48.495998382568	0.0090670557692647	-0.0042418027296662
48.512001037598	0.0090779215097427	-0.0043752118945122
48.527999877930	0.0090870661661029	-0.0045133675448596
48.543998718262	0.0090942066162825	-0.0046562300994992
48.560001373291	0.0090990290045738	-0.0048038037493825
48.576000213623	0.0091012157499790	-0.0049560745246708
48.591999053955	0.0091004511341453	-0.0051130079664290
48.608001708984	0.0090964250266552	-0.0052745332941413
48.624000549316	0.0090888142585754	-0.0054405941627920
48.639999389648	0.0090773226693273	-0.0056110699661076
48.655998229980	0.0090616261586547	-0.0057858703657985
48.672000885010	0.0090414285659790	-0.0059648477472365
48.687999725342	0.0090164188295603	-0.0061478689312935
48.703998565674	0.0089863119646907	-0.0063347513787448
48.720001220703	0.0089507866650820	-0.0065253595821559
48.736000061035	0.0089095896109939	-0.0067194481380284
48.751998901367	0.0088624246418476	-0.0069168256595731
48.768001556396	0.0088090384379029	-0.0071172462776303
48.784000396729	0.0087491692975163	-0.0073204659856856
48.799999237061	0.0086825676262379	-0.0075262258760631
48.816001892090	0.0086089922115207	-0.0077342549338937
48.832000732422	0.0085282269865274	-0.0079442495480180
48.847999572754	0.0084400810301304	-0.0081558879464865
48.863998413086	0.0083443261682987	-0.0083688832819462
48.880001068115	0.0082408208400011	-0.0085828639566898
48.895999908447	0.0081293685361743	-0.0087975198403001
48.911998748779	0.0080098528414965	-0.0090124644339085
48.928001403809	0.0078821154311299	-0.0092273578047752
48.944000244141	0.0077460762113333	-0.0094417976215482
48.959999084473	0.0076016159728169	-0.0096554243937135
48.976001739502	0.0074486820958555	-0.0098678255453706
48.992000579834	0.0072872303426266	-0.010078598745167
49.007999420166	0.0071171848103404	-0.010287370532751
49.023998260498	0.0069385897368193	-0.010493693873286
49.040000915527	0.0067513990215957	-0.010697192512453
49.055999755859	0.0065556932240725	-0.010897418484092
49.071998596191	0.0063514891080558	-0.011093979701400
49.088001251221	0.0061388807371259	-0.011286446824670
49.104000091553	0.0059179393574595	-0.011474419385195
49.119998931885	0.0056888032704592	-0.011657475493848
49.136001586914	0.0054516107775271	-0.011835204437375
49.152000427246	0.0052064997144043	-0.012007213197649
49.167999267578	0.0049536749720573	-0.012173093855381
49.183998107910	0.0046933195553720	-0.012332464568317
49.200000762939	0.0044256816618145	-0.012484931387007
49.215999603271	0.0041509740985930	-0.012630136683583
49.231998443604	0.0038694886025041	-0.012767704203725
49.248001098633	0.0035814889706671	-0.012897290289402
49.263999938965	0.0032872839365155	-0.013018557801843
49.279998779297	0.0029872129671276	-0.013131175190210
49.296001434326	0.0026815715245903	-0.013234846293926
49.312000274658	0.0023707731161267	-0.013329261913896
49.327999114990	0.0020551341585815	-0.013414161279798
49.344001770020	0.0017350759590045	-0.013489275239408
49.360000610352	0.0014109703479335	-0.013554371893406
49.375999450684	0.0010832672705874	-0.013609225861728
49.391998291016	0.00075237802229822	-0.013653638772666
49.408000946045	0.00041875103488564	-0.013687430880964
49.423999786377	8.2819475210272e-05	-0.013710446655750
49.439998626709	-0.00025497467140667	-0.013722552917898
49.456001281738	-0.00059411599067971	-0.013723636977375
49.472000122070	-0.00093416083836928	-0.013713610358536
49.487998962402	-0.0012746342690662	-0.013692409731448
49.504001617432	-0.0016150439623743	-0.013659992255270
49.520000457764	-0.0019549087155610	-0.013616347685456
49.535999298096	-0.0022937455214560	-0.013561481609941
49.551998138428	-0.0026310591492802	-0.013495431281626
49.568000793457	-0.0029663813766092	-0.013418249785900
49.583999633789	-0.0032992088235915	-0.013330027461052
49.599998474121	-0.0036290809512138	-0.013230869546533
49.616001129150	-0.0039555304683745	-0.013120905496180
49.631999969482	-0.0042780600488186	-0.013000302948058
49.647998809814	-0.0045962301082909	-0.012869236990809
49.664001464844	-0.0049095894210041	-0.012727916240692
49.680000305176	-0.0052177067846060	-0.012576564215124
49.695999145508	-0.0055201551876962	-0.012415434233844
49.712001800537	-0.0058165192604065	-0.012244799174368
49.728000640869	-0.0061063896864653	-0.012064958922565
49.743999481201	-0.0063894083723426	-0.011876218020916
49.759998321533	-0.0066651990637183	-0.011678912676871
49.776000976562	-0.0069334078580141	-0.011473402380943
49.791999816895	-0.0071937106549740	-0.011260056868196
49.807998657227	-0.0074458159506321	-0.011039250530303
49.824001312256	-0.0076894224621356	-0.010811397805810
49.840000152588	-0.0079242717474699	-0.010576908476651
49.855998992920	-0.0081501118838787	-0.010336221195757
49.872001647949	-0.0083667449653149	-0.010089765302837
49.888000488281	-0.0085739670321345	-0.0098379952833056
49.903999328613	-0.0087716132402420	-0.0095813721418381
49.919998168945	-0.0089595345780253	-0.0093203699216247
49.936000823975	-0.0091376183554530	-0.0090554580092430
49.951999664307	-0.0093057714402676	-0.0087871178984642
49.967998504639	-0.0094639528542757	-0.0085158087313175
49.984001159668	-0.0096120834350586	-0.0082420585677028
50.000000000000	-0.0097501864656806	-0.0079663144424558
