34.000000000000	0.62892013788223	 -0.36982148885727	49.550467278246	0.0000000000000
34.015998840332	0.62474018335342	 -0.37548044323921	49.550467278246	0.0000000000000
34.032001495361	0.62050414085388	 -0.38110563158989	49.550467278246	0.0000000000000
34.048000335693	0.61621159315109	 -0.38669657707214	49.550467278246	0.0000000000000
34.063999176025	0.61186224222183	 -0.39225286245346	49.550467278246	0.0000000000000
34.080001831055	0.60745549201965	 -0.39777401089668	49.550467278246	0.0000000000000
34.096000671387	0.60299098491669	 -0.40325948596001	49.550467278246	0.0000000000000
34.111999511719	0.59846830368042	 -0.40870872139931	49.550467278246	0.0000000000000
34.127998352051	0.59388709068298	 -0.41412094235420	49.550467278246	0.0000000000000
34.144001007080	0.58924674987793	 -0.41949567198753	49.550467278246	0.0000000000000
34.159999847412	0.58454710245132	 -0.42483201622963	49.550467278246	0.0000000000000
34.175998687744	0.57978749275208	 -0.43012920022011	49.550467278246	0.0000000000000
34.192001342773	0.57496774196625	 -0.43538644909859	49.550467278246	0.0000000000000
34.208000183105	0.57008737325668	 -0.44060286879539	49.550467278246	0.0000000000000
34.223999023438	0.56514596939087	 -0.44577747583389	49.550467278246	0.0000000000000
34.240001678467	0.56014329195023	 -0.45090931653976	49.550467278246	0.0000000000000
34.256000518799	0.55507904291153	 -0.45599737763405	49.550467278246	0.0000000000000
34.271999359131	0.54995286464691	 -0.46104055643082	49.550467278246	0.0000000000000
34.287998199463	0.54476457834244	 -0.46603778004646	49.550467278246	0.0000000000000
34.304000854492	0.53951400518417	 -0.47098791599274	49.550467278246	0.0000000000000
34.319999694824	0.53420090675354	 -0.47588965296745	49.550467278246	0.0000000000000
34.335998535156	0.52882510423660	 -0.48074188828468	49.550467278246	0.0000000000000
34.352001190186	0.52338659763336	 -0.48554334044456	49.550467278246	0.0000000000000
34.368000030518	0.51788532733917	 -0.49029263854027	49.550467278246	0.0000000000000
34.383998870850	0.51232117414474	 -0.49498844146729	49.550467278246	0.0000000000000
34.400001525879	0.50669431686401	 -0.49962949752808	49.550467278246	0.0000000000000
34.416000366211	0.50100469589233	 -0.50421428680420	49.550467278246	0.0000000000000
34.431999206543	0.49525251984596	 -0.50874149799347	49.550467278246	0.0000000000000
34.448001861572	0.48943784832954	 -0.51320964097977	49.550467278246	0.0000000000000
34.464000701904	0.48356112837791	 -0.51761728525162	49.550467278246	0.0000000000000
34.479999542236	0.47762247920036	 -0.52196294069290	49.550467278246	0.0000000000000
34.495998382568	0.47162234783173	 -0.52624511718750	49.550467278246	0.0000000000000
34.512001037598	0.46556103229523	 -0.53046226501465	49.550467278246	0.0000000000000
34.527999877930	0.45943903923035	 -0.53461301326752	49.550467278246	0.0000000000000
34.543998718262	0.45325684547424	 -0.53869569301605	49.550467278246	0.0000000000000
34.560001373291	0.44701504707336	 -0.54270875453949	49.550467278246	0.0000000000000
34.576000213623	0.44071426987648	 -0.54665088653564	49.550467278246	0.0000000000000
34.591999053955	0.43435508012772	 -0.55052042007446	49.550467278246	0.0000000000000
34.608001708984	0.42793864011765	 -0.55431562662125	49.550467278246	0.0000000000000
34.624000549316	0.42146459221840	 -0.55803579092026	49.550467278246	0.0000000000000
34.639999389648	0.41493541002274	 -0.56167817115784	49.550467278246	0.0000000000000
34.655998229980	0.40835073590279	 -0.56524235010147	49.550467278246	0.0000000000000
34.672000885010	0.40171200037003	 -0.56872648000717	49.550467278246	0.0000000000000
34.687999725342	0.39502054452896	 -0.57212859392166	49.550467278246	0.0000000000000
34.703998565674	0.38827684521675	 -0.57544797658920	49.550467278246	0.0000000000000
34.720001220703	0.38148170709610	 -0.57868331670761	49.550467278246	0.0000000000000
34.736000061035	0.37463748455048	 -0.58183246850967	49.550467278246	0.0000000000000
34.751998901367	0.36774456501007	 -0.58489453792572	49.550467278246	0.0000000000000
34.768001556396	0.36080393195152	 -0.58786833286285	49.550467278246	0.0000000000000
34.784000396729	0.35381814837456	 -0.59075182676315	49.550467278246	0.0000000000000
34.799999237061	0.34678694605827	 -0.59354472160339	49.550467278246	0.0000000000000
34.816001892090	0.33971300721169	 -0.59624499082565	49.550467278246	0.0000000000000
34.832000732422	0.33259737491608	 -0.59885162115097	49.550467278246	0.0000000000000
34.847999572754	0.32544147968292	 -0.60136353969574	49.550467278246	0.0000000000000
34.863998413086	0.31824660301208	 -0.60377985239029	49.550467278246	0.0000000000000
34.880001068115	0.31101480126381	 -0.60609894990921	49.550467278246	0.0000000000000
34.895999908447	0.30374738574028	 -0.60832005739212	49.550467278246	0.0000000000000
34.911998748779	0.29644587635994	 -0.61044234037399	49.550467278246	0.0000000000000
34.928001403809	0.28911241889000	 -0.61246436834335	49.550467278246	0.0000000000000
34.944000244141	0.28174772858620	 -0.61438578367233	49.550467278246	0.0000000000000
34.959999084473	0.27435475587845	 -0.61620515584946	49.550467278246	0.0000000000000
34.976001739502	0.26693439483643	 -0.61792200803757	49.550467278246	0.0000000000000
34.992000579834	0.25948885083199	 -0.61953538656235	49.550467278246	0.0000000000000
35.007999420166	0.25201973319054	 -0.62104463577271	49.550467278246	0.0000000000000
35.023998260498	0.24452866613865	 -0.62244910001755	49.550467278246	0.0000000000000
35.040000915527	0.23701731860638	 -0.62374818325043	49.550467278246	0.0000000000000
35.055999755859	0.22948870062828	 -0.62494087219238	49.550467278246	0.0000000000000
35.071998596191	0.22194324433804	 -0.62602716684341	49.550467278246	0.0000000000000
35.088001251221	0.21438327431679	 -0.62700635194778	49.550467278246	0.0000000000000
35.104000091553	0.20681115984917	 -0.62787783145905	49.550467278246	0.0000000000000
35.119998931885	0.19922801852226	 -0.62864136695862	49.550467278246	0.0000000000000
35.136001586914	0.19163627922535	 -0.62929654121399	49.550467278246	0.0000000000000
35.152000427246	0.18403838574886	 -0.62984269857407	49.550467278246	0.0000000000000
35.167999267578	0.17643474042416	 -0.63028019666672	49.550467278246	0.0000000000000
35.183998107910	0.16882798075676	 -0.63060849905014	49.550467278246	0.0000000000000
35.200000762939	0.16122034192085	 -0.63082736730576	49.550467278246	0.0000000000000
35.215999603271	0.15361319482327	 -0.63093674182892	49.550467278246	0.0000000000000
35.231998443604	0.14600813388824	 -0.63093650341034	49.550467278246	0.0000000000000
35.248001098633	0.13840855658054	 -0.63082641363144	49.550467278246	0.0000000000000
35.263999938965	0.13081452250481	 -0.63060677051544	49.550467278246	0.0000000000000
35.279998779297	0.12322878837585	 -0.63027733564377	49.550467278246	0.0000000000000
35.296001434326	0.11565320938826	 -0.62983828783035	49.550467278246	0.0000000000000
35.312000274658	0.10808944702148	 -0.62928962707520	49.550467278246	0.0000000000000
35.327999114990	0.10053946077824	 -0.62863159179688	49.550467278246	0.0000000000000
35.344001770020	0.093004979193211	 -0.62786418199539	49.550467278246	0.0000000000000
35.360000610352	0.085487805306911	 -0.62698775529861	49.550467278246	0.0000000000000
35.375999450684	0.077989846467972	 -0.62600237131119	49.550467278246	0.0000000000000
35.391998291016	0.070512793958187	 -0.62490844726562	49.550467278246	0.0000000000000
35.408000946045	0.063058361411095	 -0.62370616197586	49.550467278246	0.0000000000000
35.423999786377	0.055628456175327	 -0.62239575386047	49.550467278246	0.0000000000000
35.439998626709	0.048224776983261	 -0.62097769975662	49.550467278246	0.0000000000000
35.456001281738	0.040849093347788	 -0.61945229768753	49.550467278246	0.0000000000000
35.472000122070	0.033503014594316	 -0.61781990528107	49.550467278246	0.0000000000000
35.487998962402	0.026188312098384	 -0.61608099937439	49.550467278246	0.0000000000000
35.504001617432	0.018906677141786	 -0.61423587799072	49.550467278246	0.0000000000000
35.520000457764	0.011659868061543	 -0.61228513717651	49.550467278246	0.0000000000000
35.535999298096	0.0044494988396764	 -0.61022913455963	49.550467278246	0.0000000000000
35.551998138428	 -0.0027228165417910	 -0.60806840658188	49.550467278246	0.0000000000000
35.568000793457	 -0.0098553914576769	 -0.60580337047577	49.550467278246	0.0000000000000
35.583999633789	 -0.016946615651250	 -0.60343474149704	49.550467278246	0.0000000000000
35.599998474121	 -0.023994801566005	 -0.60096281766891	49.550467278246	0.0000000000000
35.616001129150	 -0.030998408794403	 -0.59838831424713	49.550467278246	0.0000000000000
35.631999969482	 -0.037955824285746	 -0.59571176767349	49.550467278246	0.0000000000000
35.647998809814	 -0.044865291565657	 -0.59293371438980	49.550467278246	0.0000000000000
35.664001464844	 -0.051725395023823	 -0.59005475044250	49.550467278246	0.0000000000000
35.680000305176	 -0.058534462004900	 -0.58707559108734	49.550467278246	0.0000000000000
35.695999145508	 -0.065291002392769	 -0.58399671316147	49.550467278246	0.0000000000000
35.712001800537	 -0.071993328630924	 -0.58081889152527	49.550467278246	0.0000000000000
35.728000640869	 -0.078639999032021	 -0.57754266262054	49.550467278246	0.0000000000000
35.743999481201	 -0.085229270160198	 -0.57416874170303	49.550467278246	0.0000000000000
35.759998321533	 -0.091759622097015	 -0.57069784402847	49.550467278246	0.0000000000000
35.776000976562	 -0.098229564726353	 -0.56713062524796	49.550467278246	0.0000000000000
35.791999816895	 -0.10463746637106	 -0.56346780061722	49.550467278246	0.0000000000000
35.807998657227	 -0.11098183691502	 -0.55971002578735	49.550467278246	0.0000000000000
35.824001312256	 -0.11726097017527	 -0.55585819482803	49.550467278246	0.0000000000000
35.840000152588	 -0.12347339838743	 -0.55191290378571	49.550467278246	0.0000000000000
35.855998992920	 -0.12961739301682	 -0.54787498712540	49.550467278246	0.0000000000000
35.872001647949	 -0.13569159805775	 -0.54374521970749	49.550467278246	0.0000000000000
35.888000488281	 -0.14169432222843	 -0.53952443599701	49.550467278246	0.0000000000000
35.903999328613	 -0.14762380719185	 -0.53521347045898	49.550467278246	0.0000000000000
35.919998168945	 -0.15347866714001	 -0.53081315755844	49.550467278246	0.0000000000000
35.936000823975	 -0.15925727784634	 -0.52632433176041	49.550467278246	0.0000000000000
35.951999664307	 -0.16495791077614	 -0.52174794673920	49.550467278246	0.0000000000000
35.967998504639	 -0.17057901620865	 -0.51708483695984	49.550467278246	0.0000000000000
35.984001159668	 -0.17611892521381	 -0.51233601570129	49.550467278246	0.0000000000000
36.000000000000	 -0.18157604336739	 -0.50750243663788	49.550467278246	0.0000000000000
36.015998840332	 -0.18694867193699	 -0.50258505344391	49.550467278246	0.0000000000000
36.032001495361	 -0.19223521649837	 -0.49758493900299	49.550467278246	0.0000000000000
36.048000335693	 -0.19743390381336	 -0.49250316619873	49.550467278246	0.0000000000000
36.063999176025	 -0.20254319906235	 -0.48734071850777	49.550467278246	0.0000000000000
36.080001831055	 -0.20756134390831	 -0.48209890723228	49.550467278246	0.0000000000000
36.096000671387	 -0.21248666942120	 -0.47677871584892	49.550467278246	0.0000000000000
36.111999511719	 -0.21731749176979	 -0.47138142585754	49.550467278246	0.0000000000000
36.127998352051	 -0.22205206751823	 -0.46590822935104	49.550467278246	0.0000000000000
36.144001007080	 -0.22668880224228	 -0.46036049723625	49.550467278246	0.0000000000000
36.159999847412	 -0.23122581839561	 -0.45473951101303	49.550467278246	0.0000000000000
36.175998687744	 -0.23566150665283	 -0.44904658198357	49.550467278246	0.0000000000000
36.192001342773	 -0.23999415338039	 -0.44328320026398	49.550467278246	0.0000000000000
36.208000183105	 -0.24422201514244	 -0.43745082616806	49.550467278246	0.0000000000000
36.223999023438	 -0.24834345281124	 -0.43155083060265	49.550467278246	0.0000000000000
36.240001678467	 -0.25235667824745	 -0.42558497190475	49.550467278246	0.0000000000000
36.256000518799	 -0.25625982880592	 -0.41955485939980	49.550467278246	0.0000000000000
36.271999359131	 -0.26005157828331	 -0.41346198320389	49.550467278246	0.0000000000000
36.287998199463	 -0.26372992992401	 -0.40730819106102	49.550467278246	0.0000000000000
36.304000854492	 -0.26729327440262	 -0.40109527111053	49.550467278246	0.0000000000000
36.319999694824	 -0.27074000239372	 -0.39482501149178	49.550467278246	0.0000000000000
36.335998535156	 -0.27406838536263	 -0.38849934935570	49.550467278246	0.0000000000000
36.352001190186	 -0.27727669477463	 -0.38212028145790	49.550467278246	0.0000000000000
36.368000030518	 -0.28036347031593	 -0.37568974494934	49.550467278246	0.0000000000000
36.383998870850	 -0.28332704305649	 -0.36920979619026	49.550467278246	0.0000000000000
36.400001525879	 -0.28616574406624	 -0.36268270015717	49.550467278246	0.0000000000000
36.416000366211	 -0.28887808322906	 -0.35611063241959	49.550467278246	0.0000000000000
36.431999206543	 -0.29146248102188	 -0.34949582815170	49.550467278246	0.0000000000000
36.448001861572	 -0.29391762614250	 -0.34284058213234	49.550467278246	0.0000000000000
36.464000701904	 -0.29624173045158	 -0.33614742755890	49.550467278246	0.0000000000000
36.479999542236	 -0.29843363165855	 -0.32941871881485	49.550467278246	0.0000000000000
36.495998382568	 -0.30049183964729	 -0.32265701889992	49.550467278246	0.0000000000000
36.512001037598	 -0.30241501331329	 -0.31586486101151	49.550467278246	0.0000000000000
36.527999877930	 -0.30420187115669	 -0.30904498696327	49.550467278246	0.0000000000000
36.543998718262	 -0.30585104227066	 -0.30220016837120	49.550467278246	0.0000000000000
36.560001373291	 -0.30736151337624	 -0.29533305764198	49.550467278246	0.0000000000000
36.576000213623	 -0.30873200297356	 -0.28844669461250	49.550467278246	0.0000000000000
36.591999053955	 -0.30996146798134	 -0.28154379129410	49.550467278246	0.0000000000000
36.608001708984	 -0.31104901432991	 -0.27462735772133	49.550467278246	0.0000000000000
36.624000549316	 -0.31199342012405	 -0.26770058274269	49.550467278246	0.0000000000000
36.639999389648	 -0.31279394030571	 -0.26076638698578	49.550467278246	0.0000000000000
36.655998229980	 -0.31344980001450	 -0.25382795929909	49.550467278246	0.0000000000000
36.672000885010	 -0.31396019458771	 -0.24688854813576	49.550467278246	0.0000000000000
36.687999725342	 -0.31432440876961	 -0.23995143175125	49.550467278246	0.0000000000000
36.703998565674	 -0.31454202532768	 -0.23301976919174	49.550467278246	0.0000000000000
36.720001220703	 -0.31461235880852	 -0.22609706223011	49.550467278246	0.0000000000000
36.736000061035	 -0.31453502178192	 -0.21918667852879	49.550467278246	0.0000000000000
36.751998901367	 -0.31430974602699	 -0.21229207515717	49.550467278246	0.0000000000000
36.768001556396	 -0.31393623352051	 -0.20541669428349	49.550467278246	0.0000000000000
36.784000396729	 -0.31341445446014	 -0.19856406748295	49.550467278246	0.0000000000000
36.799999237061	 -0.31274423003197	 -0.19173775613308	49.550467278246	0.0000000000000
36.816001892090	 -0.31192561984062	 -0.18494144082069	49.550467278246	0.0000000000000
36.832000732422	 -0.31095883250237	 -0.17817871272564	49.550467278246	0.0000000000000
36.847999572754	 -0.30984413623810	 -0.17145311832428	49.550467278246	0.0000000000000
36.863998413086	 -0.30858182907104	 -0.16476845741272	49.550467278246	0.0000000000000
36.880001068115	 -0.30717244744301	 -0.15812835097313	49.550467278246	0.0000000000000
36.895999908447	 -0.30561655759811	 -0.15153649449348	49.550467278246	0.0000000000000
36.911998748779	 -0.30391481518745	 -0.14499667286873	49.550467278246	0.0000000000000
36.928001403809	 -0.30206802487373	 -0.13851259648800	49.550467278246	0.0000000000000
36.944000244141	 -0.30007711052895	 -0.13208805024624	49.550467278246	0.0000000000000
36.959999084473	 -0.29794314503670	 -0.12572659552097	49.550467278246	0.0000000000000
36.976001739502	 -0.29566726088524	 -0.11943203210831	49.550467278246	0.0000000000000
36.992000579834	 -0.29325067996979	 -0.11320818960667	49.550467278246	0.0000000000000
37.007999420166	 -0.29069480299950	 -0.10705870389938	49.550467278246	0.0000000000000
37.023998260498	 -0.28800123929977	 -0.10098707675934	49.550467278246	0.0000000000000
37.040000915527	 -0.28517141938210	 -0.094997234642506	49.550467278246	0.0000000000000
37.055999755859	 -0.28220716118813	 -0.089092798531055	49.550467278246	0.0000000000000
37.071998596191	 -0.27911040186882	 -0.083277173340321	49.550467278246	0.0000000000000
37.088001251221	 -0.27588301897049	 -0.077554129064083	49.550467278246	0.0000000000000
37.104000091553	 -0.27252712845802	 -0.071927018463612	49.550467278246	0.0000000000000
37.119998931885	 -0.26904493570328	 -0.066399499773979	49.550467278246	0.0000000000000
37.136001586914	 -0.26543879508972	 -0.060974836349487	49.550467278246	0.0000000000000
37.152000427246	 -0.26171109080315	 -0.055656563490629	49.550467278246	0.0000000000000
37.167999267578	 -0.25786441564560	 -0.050447840243578	49.550467278246	0.0000000000000
37.183998107910	 -0.25390145182610	 -0.045352097600698	49.550467278246	0.0000000000000
37.200000762939	 -0.24982491135597	 -0.040372408926487	49.550467278246	0.0000000000000
37.215999603271	 -0.24563771486282	 -0.035511985421181	49.550467278246	0.0000000000000
37.231998443604	 -0.24134284257889	 -0.030773771926761	49.550467278246	0.0000000000000
37.248001098633	 -0.23694339394569	 -0.026160784065723	49.550467278246	0.0000000000000
37.263999938965	 -0.23244255781174	 -0.021675914525986	49.550467278246	0.0000000000000
37.279998779297	 -0.22784364223480	 -0.017321860417724	49.550467278246	0.0000000000000
37.296001434326	 -0.22314999997616	 -0.013101477175951	49.550467278246	0.0000000000000
37.312000274658	 -0.21836514770985	 -0.0090172430500388	49.550467278246	0.0000000000000
37.327999114990	 -0.21349263191223	 -0.0050716027617455	49.550467278246	0.0000000000000
37.344001770020	 -0.20853611826897	 -0.0012670832220465	49.550467278246	0.0000000000000
37.360000610352	 -0.20349936187267	0.0023940077517182	49.550467278246	0.0000000000000
37.375999450684	 -0.19838616251945	0.0059096394106746	49.550467278246	0.0000000000000
37.391998291016	 -0.19320042431355	0.0092776454985142	49.550467278246	0.0000000000000
37.408000946045	 -0.18794612586498	0.012496130540967	49.550467278246	0.0000000000000
37.423999786377	 -0.18262724578381	0.015563287772238	49.550467278246	0.0000000000000
37.439998626709	 -0.17724794149399	0.018477369099855	49.550467278246	0.0000000000000
37.456001281738	 -0.17181232571602	0.021236727014184	49.550467278246	0.0000000000000
37.472000122070	 -0.16632463037968	0.023840099573135	49.550467278246	0.0000000000000
37.487998962402	 -0.16078910231590	0.026286035776138	49.550467278246	0.0000000000000
37.504001617432	 -0.15521006286144	0.028573349118233	49.550467278246	0.0000000000000
37.520000457764	 -0.14959180355072	0.030701071023941	49.550467278246	0.0000000000000
37.535999298096	 -0.14393875002861	0.032668191939592	49.550467278246	0.0000000000000
37.551998138428	 -0.13825526833534	0.034474045038223	49.550467278246	0.0000000000000
37.568000793457	 -0.13254581391811	0.036117937415838	49.550467278246	0.0000000000000
37.583999633789	 -0.12681481242180	0.037599369883537	49.550467278246	0.0000000000000
37.599998474121	 -0.12106677144766	0.038917921483517	49.550467278246	0.0000000000000
37.616001129150	 -0.11530613154173	0.040073454380035	49.550467278246	0.0000000000000
37.631999969482	 -0.10953738540411	0.041065827012062	49.550467278246	0.0000000000000
37.647998809814	 -0.10376496613026	0.041895233094692	49.550467278246	0.0000000000000
37.664001464844	 -0.097993411123753	0.042561713606119	49.550467278246	0.0000000000000
37.680000305176	 -0.092227108776569	0.043065734207630	49.550467278246	0.0000000000000
37.695999145508	 -0.086470544338226	0.043407745659351	49.550467278246	0.0000000000000
37.712001800537	 -0.080728150904179	0.043588325381279	49.550467278246	0.0000000000000
37.728000640869	 -0.075004287064075	0.043608281761408	49.550467278246	0.0000000000000
37.743999481201	 -0.069303318858147	0.043468542397022	49.550467278246	0.0000000000000
37.759998321533	 -0.063629582524300	0.043170101940632	49.550467278246	0.0000000000000
37.776000976562	 -0.057987347245216	0.042714148759842	49.550467278246	0.0000000000000
37.791999816895	 -0.052380822598934	0.042102023959160	49.550467278246	0.0000000000000
37.807998657227	 -0.046814255416393	0.041335094720125	49.550467278246	0.0000000000000
37.824001312256	 -0.041291713714600	0.040414977818727	49.550467278246	0.0000000000000
37.840000152588	 -0.035817269235849	0.039343360811472	49.550467278246	0.0000000000000
37.855998992920	 -0.030394900590181	0.038122072815895	49.550467278246	0.0000000000000
37.872001647949	 -0.025028614327312	0.036752987653017	49.550467278246	0.0000000000000
37.888000488281	 -0.019722161814570	0.035238228738308	49.550467278246	0.0000000000000
37.903999328613	 -0.014479345642030	0.033579949289560	49.550467278246	0.0000000000000
37.919998168945	 -0.0093038715422153	0.031780414283276	49.550467278246	0.0000000000000
37.936000823975	 -0.0041993521153927	0.029842019081116	49.550467278246	0.0000000000000
37.951999664307	0.00083072955021635	0.027767261490226	49.550467278246	0.0000000000000
37.967998504639	0.0057829651050270	0.025558734312654	49.550467278246	0.0000000000000
37.984001159668	0.010654003359377	0.023219129070640	49.550467278246	0.0000000000000
38.000000000000	0.015440655872226	0.020751222968102	49.550467278246	0.0000000000000
38.015998840332	0.020139783620834	0.018157899379730	49.550467278246	0.0000000000000
38.032001495361	0.024748390540481	0.015442120842636	49.550467278246	0.0000000000000
38.048000335693	0.029263582080603	0.012606911361217	49.550467278246	0.0000000000000
38.063999176025	0.033682573586702	0.0096553731709719	49.550467278246	0.0000000000000
38.080001831055	0.038002692162991	0.0065907067619264	49.550467278246	0.0000000000000
38.096000671387	0.042221378535032	0.0034161899238825	49.550467278246	0.0000000000000
38.111999511719	0.046336203813553	0.00013505794049706	49.550467278246	0.0000000000000
38.127998352051	0.050344850867987	 -0.0032492480240762	49.550467278246	0.0000000000000
38.144001007080	0.054245118051767	 -0.0067333597689867	49.550467278246	0.0000000000000
38.159999847412	0.058034941554070	 -0.010313790291548	49.550467278246	0.0000000000000
38.175998687744	0.061712376773357	 -0.013986984267831	49.550467278246	0.0000000000000
38.192001342773	0.065275587141514	 -0.017749484628439	49.550467278246	0.0000000000000
38.208000183105	0.068722881376743	 -0.021597674116492	49.550467278246	0.0000000000000
38.223999023438	0.072052694857121	 -0.025527890771627	49.550467278246	0.0000000000000
38.240001678467	0.075263544917107	 -0.029536625370383	49.550467278246	0.0000000000000
38.256000518799	0.078354157507420	 -0.033620107918978	49.550467278246	0.0000000000000
38.271999359131	0.081323333084583	 -0.037774741649628	49.550467278246	0.0000000000000
38.287998199463	0.084169961512089	 -0.041996866464615	49.550467278246	0.0000000000000
38.304000854492	0.086893141269684	 -0.046282801777124	49.550467278246	0.0000000000000
38.319999694824	0.089492008090019	 -0.050628889352083	49.550467278246	0.0000000000000
38.335998535156	0.091965891420841	 -0.055031463503838	49.550467278246	0.0000000000000
38.352001190186	0.094314217567444	 -0.059486851096153	49.550467278246	0.0000000000000
38.368000030518	0.096536546945572	 -0.063991412520409	49.550467278246	0.0000000000000
38.383998870850	0.098632499575615	 -0.068541571497917	49.550467278246	0.0000000000000
38.400001525879	0.10060184448957	 -0.073133736848831	49.550467278246	0.0000000000000
38.416000366211	0.10244448482990	 -0.077764391899109	49.550467278246	0.0000000000000
38.431999206543	0.10416047275066	 -0.082429900765419	49.550467278246	0.0000000000000
38.448001861572	0.10574988275766	 -0.087126836180687	49.550467278246	0.0000000000000
38.464000701904	0.10721291601658	 -0.091851778328419	49.550467278246	0.0000000000000
38.479999542236	0.10854997485876	 -0.096601217985153	49.550467278246	0.0000000000000
38.495998382568	0.10976142436266	 -0.10137189924717	49.550467278246	0.0000000000000
38.512001037598	0.11084777116776	 -0.10616054385900	49.550467278246	0.0000000000000
38.527999877930	0.11180969327688	 -0.11096381396055	49.550467278246	0.0000000000000
38.543998718262	0.11264797300100	 -0.11577849090099	49.550467278246	0.0000000000000
38.560001373291	0.11336332559586	 -0.12060151994228	49.550467278246	0.0000000000000
38.576000213623	0.11395661532879	 -0.12542988359928	49.550467278246	0.0000000000000
38.591999053955	0.11442893743515	 -0.13026048243046	49.550467278246	0.0000000000000
38.608001708984	0.11478127539158	 -0.13509041070938	49.550467278246	0.0000000000000
38.624000549316	0.11501476168633	 -0.13991685211658	49.550467278246	0.0000000000000
38.639999389648	0.11513063311577	 -0.14473702013493	49.550467278246	0.0000000000000
38.655998229980	0.11513028293848	 -0.14954805374146	49.550467278246	0.0000000000000
38.672000885010	0.11501478403807	 -0.15434759855270	49.550467278246	0.0000000000000
38.687999725342	0.11478567868471	 -0.15913294255733	49.550467278246	0.0000000000000
38.703998565674	0.11444460600615	 -0.16390150785446	49.550467278246	0.0000000000000
38.720001220703	0.11399272829294	 -0.16865117847919	49.550467278246	0.0000000000000
38.736000061035	0.11343187838793	 -0.17337942123413	49.550467278246	0.0000000000000
38.751998901367	0.11276348680258	 -0.17808416485786	49.550467278246	0.0000000000000
38.768001556396	0.11198935657740	 -0.18276315927505	49.550467278246	0.0000000000000
38.784000396729	0.11111120879650	 -0.18741433322430	49.550467278246	0.0000000000000
38.799999237061	0.11013051867485	 -0.19203588366508	49.550467278246	0.0000000000000
38.816001892090	0.10904912650585	 -0.19662582874298	49.550467278246	0.0000000000000
38.832000732422	0.10786895453930	 -0.20118235051632	49.550467278246	0.0000000000000
38.847999572754	0.10659170150757	 -0.20570375025272	49.550467278246	0.0000000000000
38.863998413086	0.10521911829710	 -0.21018841862679	49.550467278246	0.0000000000000
38.880001068115	0.10375314205885	 -0.21463482081890	49.550467278246	0.0000000000000
38.895999908447	0.10219544172287	 -0.21904152631760	49.550467278246	0.0000000000000
38.911998748779	0.10054798424244	 -0.22340711951256	49.550467278246	0.0000000000000
38.928001403809	0.098812587559223	 -0.22773033380508	49.550467278246	0.0000000000000
38.944000244141	0.096990950405598	 -0.23201000690460	49.550467278246	0.0000000000000
38.959999084473	0.095085471868515	 -0.23624475300312	49.550467278246	0.0000000000000
38.976001739502	0.093097306787968	 -0.24043379724026	49.550467278246	0.0000000000000
38.992000579834	0.091028615832329	 -0.24457606673241	49.550467278246	0.0000000000000
39.007999420166	0.088881127536297	 -0.24867060780525	49.550467278246	0.0000000000000
39.023998260498	0.086656458675861	 -0.25271674990654	49.550467278246	0.0000000000000
39.040000915527	0.084356494247913	 -0.25671359896660	49.550467278246	0.0000000000000
39.055999755859	0.081983499228954	 -0.26066032052040	49.550467278246	0.0000000000000
39.071998596191	0.079538345336914	 -0.26455658674240	49.550467278246	0.0000000000000
39.088001251221	0.077023304998875	 -0.26840159296989	49.550467278246	0.0000000000000
39.104000091553	0.074439778923988	 -0.27219495177269	49.550467278246	0.0000000000000
39.119998931885	0.071789592504501	 -0.27593615651131	49.550467278246	0.0000000000000
39.136001586914	0.069074183702469	 -0.27962487936020	49.550467278246	0.0000000000000
39.152000427246	0.066295035183430	 -0.28326073288918	49.550467278246	0.0000000000000
39.167999267578	0.063453875482082	 -0.28684344887733	49.550467278246	0.0000000000000
39.183998107910	0.060552258044481	 -0.29037278890610	49.550467278246	0.0000000000000
39.200000762939	0.057591248303652	 -0.29384854435921	49.550467278246	0.0000000000000
39.215999603271	0.054572880268097	 -0.29727053642273	49.550467278246	0.0000000000000
39.231998443604	0.051497988402843	 -0.30063867568970	49.550467278246	0.0000000000000
39.248001098633	0.048368219286203	 -0.30395287275314	49.550467278246	0.0000000000000
39.263999938965	0.045184157788754	 -0.30721318721771	49.550467278246	0.0000000000000
39.279998779297	0.041947945952415	 -0.31041947007179	49.550467278246	0.0000000000000
39.296001434326	0.038660511374474	 -0.31357172131538	49.550467278246	0.0000000000000
39.312000274658	0.035322278738022	 -0.31667011976242	49.550467278246	0.0000000000000
39.327999114990	0.031935576349497	 -0.31971454620361	49.550467278246	0.0000000000000
39.344001770020	0.028500577434897	 -0.32270520925522	49.550467278246	0.0000000000000
39.360000610352	0.025017844513059	 -0.32564219832420	49.550467278246	0.0000000000000
39.375999450684	0.021489910781384	 -0.32852551341057	49.550467278246	0.0000000000000
39.391998291016	0.017916478216648	 -0.33135533332825	49.550467278246	0.0000000000000
39.408000946045	0.014298276975751	 -0.33413180708885	49.550467278246	0.0000000000000
39.423999786377	0.010636634193361	 -0.33685505390167	49.550467278246	0.0000000000000
39.439998626709	0.0069323582574725	 -0.33952516317368	49.550467278246	0.0000000000000
39.456001281738	0.0031855681445450	 -0.34214228391647	49.550467278246	0.0000000000000
39.472000122070	 -0.00060220021987334	 -0.34470650553703	49.550467278246	0.0000000000000
39.487998962402	 -0.0044305846095085	 -0.34721797704697	49.550467278246	0.0000000000000
39.504001617432	 -0.0082992715761065	 -0.34967684745789	49.550467278246	0.0000000000000
39.520000457764	 -0.012207824736834	 -0.35208314657211	49.550467278246	0.0000000000000
39.535999298096	 -0.016154838725924	 -0.35443699359894	49.550467278246	0.0000000000000
39.551998138428	 -0.020140785723925	 -0.35673847794533	49.550467278246	0.0000000000000
39.568000793457	 -0.024165006354451	 -0.35898759961128	49.550467278246	0.0000000000000
39.583999633789	 -0.028226517140865	 -0.36118447780609	49.550467278246	0.0000000000000
39.599998474121	 -0.032325748354197	 -0.36332902312279	49.550467278246	0.0000000000000
39.616001129150	 -0.036461427807808	 -0.36542132496834	49.550467278246	0.0000000000000
39.631999969482	 -0.040633697062731	 -0.36746135354042	49.550467278246	0.0000000000000
39.647998809814	 -0.044842567294836	 -0.36944895982742	49.550467278246	0.0000000000000
39.664001464844	 -0.049087185412645	 -0.37138417363167	49.550467278246	0.0000000000000
39.680000305176	 -0.053367428481579	 -0.37326684594154	49.550467278246	0.0000000000000
39.695999145508	 -0.057683374732733	 -0.37509679794312	49.550467278246	0.0000000000000
39.712001800537	 -0.062034055590630	 -0.37687399983406	49.550467278246	0.0000000000000
39.728000640869	 -0.066420309245586	 -0.37859806418419	49.550467278246	0.0000000000000
39.743999481201	 -0.070840649306774	 -0.38026899099350	49.550467278246	0.0000000000000
39.759998321533	 -0.075295768678188	 -0.38188633322716	49.550467278246	0.0000000000000
39.776000976562	 -0.079784952104092	 -0.38345000147820	49.550467278246	0.0000000000000
39.791999816895	 -0.084308542311192	 -0.38495948910713	49.550467278246	0.0000000000000
39.807998657227	 -0.088865831494331	 -0.38641455769539	49.550467278246	0.0000000000000
39.824001312256	 -0.093457207083702	 -0.38781470060349	49.550467278246	0.0000000000000
39.840000152588	 -0.098081953823566	 -0.38915967941284	49.550467278246	0.0000000000000
39.855998992920	 -0.10273975133896	 -0.39044904708862	49.550467278246	0.0000000000000
39.872001647949	 -0.10743098706007	 -0.39168214797974	49.550467278246	0.0000000000000
39.888000488281	 -0.11215495318174	 -0.39285859465599	49.550467278246	0.0000000000000
39.903999328613	 -0.11691133677959	 -0.39397794008255	49.550467278246	0.0000000000000
39.919998168945	 -0.12170053273439	 -0.39503940939903	49.550467278246	0.0000000000000
39.936000823975	 -0.12652145326138	 -0.39604267477989	49.550467278246	0.0000000000000
39.951999664307	 -0.13137450814247	 -0.39698684215546	49.550467278246	0.0000000000000
39.967998504639	 -0.13625933229923	 -0.39787137508392	49.550467278246	0.0000000000000
39.984001159668	 -0.14117480814457	 -0.39869579672813	49.550467278246	0.0000000000000
40.000000000000	 -0.14612133800983	 -0.39945918321609	49.550467278246	0.0000000000000
40.015998840332	 -0.15109851956367	 -0.40016084909439	49.550467278246	0.0000000000000
40.032001495361	 -0.15610595047474	 -0.40080001950264	49.550467278246	0.0000000000000
40.048000335693	 -0.16114285588264	 -0.40137609839439	49.550467278246	0.0000000000000
40.063999176025	 -0.16620953381062	 -0.40188795328140	49.550467278246	0.0000000000000
40.080001831055	 -0.17130444943905	 -0.40233528614044	49.550467278246	0.0000000000000
40.096000671387	 -0.17642748355865	 -0.40271708369255	49.550467278246	0.0000000000000
40.111999511719	 -0.18157854676247	 -0.40303233265877	49.550467278246	0.0000000000000
40.127998352051	 -0.18675674498081	 -0.40328037738800	49.550467278246	0.0000000000000
40.144001007080	 -0.19196119904518	 -0.40346041321754	49.550467278246	0.0000000000000
40.159999847412	 -0.19719174504280	 -0.40357139706612	49.550467278246	0.0000000000000
40.175998687744	 -0.20244702696800	 -0.40361279249191	49.550467278246	0.0000000000000
40.192001342773	 -0.20772723853588	 -0.40358328819275	49.550467278246	0.0000000000000
40.208000183105	 -0.21303063631058	 -0.40348255634308	49.550467278246	0.0000000000000
40.223999023438	 -0.21835730969906	 -0.40330910682678	49.550467278246	0.0000000000000
40.240001678467	 -0.22370548546314	 -0.40306273102760	49.550467278246	0.0000000000000
40.256000518799	 -0.22907523810863	 -0.40274196863174	49.550467278246	0.0000000000000
40.271999359131	 -0.23446467518806	 -0.40234652161598	49.550467278246	0.0000000000000
40.287998199463	 -0.23987348377705	 -0.40187516808510	49.550467278246	0.0000000000000
40.304000854492	 -0.24530053138733	 -0.40132722258568	49.550467278246	0.0000000000000
40.319999694824	 -0.25074499845505	 -0.40070164203644	49.550467278246	0.0000000000000
40.335998535156	 -0.25620493292809	 -0.39999815821648	49.550467278246	0.0000000000000
40.352001190186	 -0.26168024539948	 -0.39921534061432	49.550467278246	0.0000000000000
40.368000030518	 -0.26716896891594	 -0.39835298061371	49.550467278246	0.0000000000000
40.383998870850	 -0.27267056703568	 -0.39740982651711	49.550467278246	0.0000000000000
40.400001525879	 -0.27818340063095	 -0.39638549089432	49.550467278246	0.0000000000000
40.416000366211	 -0.28370609879494	 -0.39527922868729	49.550467278246	0.0000000000000
40.431999206543	 -0.28923773765564	 -0.39409020543098	49.550467278246	0.0000000000000
40.448001861572	 -0.29477661848068	 -0.39281803369522	49.550467278246	0.0000000000000
40.464000701904	 -0.30032160878181	 -0.39146175980568	49.550467278246	0.0000000000000
40.479999542236	 -0.30587106943130	 -0.39002114534378	49.550467278246	0.0000000000000
40.495998382568	 -0.31142389774323	 -0.38849526643753	49.550467278246	0.0000000000000
40.512001037598	 -0.31697827577591	 -0.38688394427299	49.550467278246	0.0000000000000
40.527999877930	 -0.32253310084343	 -0.38518631458282	49.550467278246	0.0000000000000
40.543998718262	 -0.32808655500412	 -0.38340219855309	49.550467278246	0.0000000000000
40.560001373291	 -0.33363676071167	 -0.38153147697449	49.550467278246	0.0000000000000
40.576000213623	 -0.33918258547783	 -0.37957340478897	49.550467278246	0.0000000000000
40.591999053955	 -0.34472283720970	 -0.37752723693848	49.550467278246	0.0000000000000
40.608001708984	 -0.35025462508202	 -0.37539395689964	49.550467278246	0.0000000000000
40.624000549316	 -0.35577771067619	 -0.37317186594009	49.550467278246	0.0000000000000
40.639999389648	 -0.36128959059715	 -0.37086173892021	49.550467278246	0.0000000000000
40.655998229980	 -0.36678895354271	 -0.36846292018890	49.550467278246	0.0000000000000
40.672000885010	 -0.37227395176888	 -0.36597558856010	49.550467278246	0.0000000000000
40.687999725342	 -0.37774297595024	 -0.36339956521988	49.550467278246	0.0000000000000
40.703998565674	 -0.38319411873817	 -0.36073505878448	49.550467278246	0.0000000000000
40.720001220703	 -0.38862609863281	 -0.35798159241676	49.550467278246	0.0000000000000
40.736000061035	 -0.39403668045998	 -0.35513982176781	49.550467278246	0.0000000000000
40.751998901367	 -0.39942461252213	 -0.35220944881439	49.550467278246	0.0000000000000
40.768001556396	 -0.40478760004044	 -0.34919109940529	49.550467278246	0.0000000000000
40.784000396729	 -0.41012448072433	 -0.34608462452888	49.550467278246	0.0000000000000
40.799999237061	 -0.41543358564377	 -0.34288999438286	49.550467278246	0.0000000000000
40.816001892090	 -0.42071279883385	 -0.33960828185081	49.550467278246	0.0000000000000
40.832000732422	 -0.42596042156219	 -0.33623951673508	49.550467278246	0.0000000000000
40.847999572754	 -0.43117469549179	 -0.33278444409370	49.550467278246	0.0000000000000
40.863998413086	 -0.43635460734367	 -0.32924246788025	49.550467278246	0.0000000000000
40.880001068115	 -0.44149777293205	 -0.32561516761780	49.550467278246	0.0000000000000
40.895999908447	 -0.44660237431526	 -0.32190331816673	49.550467278246	0.0000000000000
40.911998748779	 -0.45166772603989	 -0.31810599565506	49.550467278246	0.0000000000000
40.928001403809	 -0.45669123530388	 -0.31422537565231	49.550467278246	0.0000000000000
40.944000244141	 -0.46167197823524	 -0.31026110053062	49.550467278246	0.0000000000000
40.959999084473	 -0.46660736203194	 -0.30621540546417	49.550467278246	0.0000000000000
40.976001739502	 -0.47149708867073	 -0.30208706855774	49.550467278246	0.0000000000000
40.992000579834	 -0.47633856534958	 -0.29787847399712	49.550467278246	0.0000000000000
41.007999420166	 -0.48113071918488	 -0.29358986020088	49.550467278246	0.0000000000000
41.023998260498	 -0.48587229847908	 -0.28922179341316	49.550467278246	0.0000000000000
41.040000915527	 -0.49056133627892	 -0.28477597236633	49.550467278246	0.0000000000000
41.055999755859	 -0.49519667029381	 -0.28025260567665	49.550467278246	0.0000000000000
41.071998596191	 -0.49977666139603	 -0.27565345168114	49.550467278246	0.0000000000000
41.088001251221	 -0.50430029630661	 -0.27097886800766	49.550467278246	0.0000000000000
41.104000091553	 -0.50876599550247	 -0.26623010635376	49.550467278246	0.0000000000000
41.119998931885	 -0.51317191123962	 -0.26140952110291	49.550467278246	0.0000000000000
41.136001586914	 -0.51751774549484	 -0.25651603937149	49.550467278246	0.0000000000000
41.152000427246	 -0.52180176973343	 -0.25155207514763	49.550467278246	0.0000000000000
41.167999267578	 -0.52602261304855	 -0.24651911854744	49.550467278246	0.0000000000000
41.183998107910	 -0.53017938137054	 -0.24141758680344	49.550467278246	0.0000000000000
41.200000762939	 -0.53427088260651	 -0.23624902963638	49.550467278246	0.0000000000000
41.215999603271	 -0.53829586505890	 -0.23101498186588	49.550467278246	0.0000000000000
41.231998443604	 -0.54225349426270	 -0.22571593523026	49.550467278246	0.0000000000000
41.248001098633	 -0.54614257812500	 -0.22035406529903	49.550467278246	0.0000000000000
41.263999938965	 -0.54996192455292	 -0.21493098139763	49.550467278246	0.0000000000000
41.279998779297	 -0.55371099710464	 -0.20944669842720	49.550467278246	0.0000000000000
41.296001434326	 -0.55738896131516	 -0.20390293002129	49.550467278246	0.0000000000000
41.312000274658	 -0.56099426746368	 -0.19830238819122	49.550467278246	0.0000000000000
41.327999114990	 -0.56452697515488	 -0.19264410436153	49.550467278246	0.0000000000000
41.344001770020	 -0.56798553466797	 -0.18693195283413	49.550467278246	0.0000000000000
41.360000610352	 -0.57136946916580	 -0.18116603791714	49.550467278246	0.0000000000000
41.375999450684	 -0.57467842102051	 -0.17534703016281	49.550467278246	0.0000000000000
41.391998291016	 -0.57791125774384	 -0.16947777569294	49.550467278246	0.0000000000000
41.408000946045	 -0.58106744289398	 -0.16355893015862	49.550467278246	0.0000000000000
41.423999786377	 -0.58414673805237	 -0.15759117901325	49.550467278246	0.0000000000000
41.439998626709	 -0.58714801073074	 -0.15157739818096	49.550467278246	0.0000000000000
41.456001281738	 -0.59007114171982	 -0.14551831781864	49.550467278246	0.0000000000000
41.472000122070	 -0.59291541576385	 -0.13941572606564	49.550467278246	0.0000000000000
41.487998962402	 -0.59568053483963	 -0.13327030837536	49.550467278246	0.0000000000000
41.504001617432	 -0.59836620092392	 -0.12708331644535	49.550467278246	0.0000000000000
41.520000457764	 -0.60097175836563	 -0.12085714936256	49.550467278246	0.0000000000000
41.535999298096	 -0.60349702835083	 -0.11459245532751	49.550467278246	0.0000000000000
41.551998138428	 -0.60594177246094	 -0.10828994214535	49.550467278246	0.0000000000000
41.568000793457	 -0.60830551385880	 -0.10195257514715	49.550467278246	0.0000000000000
41.583999633789	 -0.61058813333511	 -0.095580443739891	49.550467278246	0.0000000000000
41.599998474121	 -0.61278933286667	 -0.089175365865231	49.550467278246	0.0000000000000
41.616001129150	 -0.61490887403488	 -0.082739770412445	49.550467278246	0.0000000000000
41.631999969482	 -0.61694693565369	 -0.076271951198578	49.550467278246	0.0000000000000
41.647998809814	 -0.61890298128128	 -0.069776073098183	49.550467278246	0.0000000000000
41.664001464844	 -0.62077707052231	 -0.063252173364162	49.550467278246	0.0000000000000
41.680000305176	 -0.62256902456284	 -0.056702066212893	49.550467278246	0.0000000000000
41.695999145508	 -0.62427902221680	 -0.050125773996115	49.550467278246	0.0000000000000
41.712001800537	 -0.62590676546097	 -0.043525677174330	49.550467278246	0.0000000000000
41.728000640869	 -0.62745237350464	 -0.036902975291014	49.550467278246	0.0000000000000
41.743999481201	 -0.62891572713852	 -0.030258851125836	49.550467278246	0.0000000000000
41.759998321533	 -0.63029706478119	 -0.023593276739120	49.550467278246	0.0000000000000
41.776000976562	 -0.63159614801407	 -0.016909213736653	49.550467278246	0.0000000000000
41.791999816895	 -0.63281327486038	 -0.010206621140242	49.550467278246	0.0000000000000
41.807998657227	 -0.63394838571548	 -0.0034860300365835	49.550467278246	0.0000000000000
41.824001312256	 -0.63500154018402	0.0032496107742190	49.550467278246	0.0000000000000
41.840000152588	 -0.63597297668457	0.010000387206674	49.550467278246	0.0000000000000
41.855998992920	 -0.63686269521713	0.016765188425779	49.550467278246	0.0000000000000
41.872001647949	 -0.63767081499100	0.023542301729321	49.550467278246	0.0000000000000
41.888000488281	 -0.63839739561081	0.030331855639815	49.550467278246	0.0000000000000
41.903999328613	 -0.63904285430908	0.037131551653147	49.550467278246	0.0000000000000
41.919998168945	 -0.63960713148117	0.043940927833319	49.550467278246	0.0000000000000
41.936000823975	 -0.64009034633636	0.050759527832270	49.550467278246	0.0000000000000
41.951999664307	 -0.64049273729324	0.057586316019297	49.550467278246	0.0000000000000
41.967998504639	 -0.64081442356110	0.064419627189636	49.550467278246	0.0000000000000
41.984001159668	 -0.64105570316315	0.071259059011936	49.550467278246	0.0000000000000
42.000000000000	 -0.64121657609940	0.078103579580784	49.550467278246	0.0000000000000
42.015998840332	 -0.64129745960236	0.084951572120190	49.550467278246	0.0000000000000
42.032001495361	 -0.64129835367203	0.091803267598152	49.550467278246	0.0000000000000
42.048000335693	 -0.64121937751770	0.098657652735710	49.550467278246	0.0000000000000
42.063999176025	 -0.64106094837189	0.10551316291094	49.550467278246	0.0000000000000
42.080001831055	 -0.64082306623459	0.11236940324306	49.550467278246	0.0000000000000
42.096000671387	 -0.64050585031509	0.11922602355480	49.550467278246	0.0000000000000
42.111999511719	 -0.64010983705521	0.12608087062836	49.550467278246	0.0000000000000
42.127998352051	 -0.63963490724564	0.13293419778347	49.550467278246	0.0000000000000
42.144001007080	 -0.63908118009567	0.13978503644466	49.550467278246	0.0000000000000
42.159999847412	 -0.63844907283783	0.14663249254227	49.550467278246	0.0000000000000
42.175998687744	 -0.63773858547211	0.15347619354725	49.550467278246	0.0000000000000
42.192001342773	 -0.63694995641708	0.16031463444233	49.550467278246	0.0000000000000
42.208000183105	 -0.63608372211456	0.16714629530907	49.550467278246	0.0000000000000
42.223999023438	 -0.63513910770416	0.17397326231003	49.550467278246	0.0000000000000
42.240001678467	 -0.63411730527878	0.18079161643982	49.550467278246	0.0000000000000
42.256000518799	 -0.63301801681519	0.18760225176811	49.550467278246	0.0000000000000
42.271999359131	 -0.63184130191803	0.19440425932407	49.550467278246	0.0000000000000
42.287998199463	 -0.63058751821518	0.20119677484035	49.550467278246	0.0000000000000
42.304000854492	 -0.62925660610199	0.20797945559025	49.550467278246	0.0000000000000
42.319999694824	 -0.62784910202026	0.21475021541119	49.550467278246	0.0000000000000
42.335998535156	 -0.62636476755142	0.22150996327400	49.550467278246	0.0000000000000
42.352001190186	 -0.62480407953262	0.22825661301613	49.550467278246	0.0000000000000
42.368000030518	 -0.62316679954529	0.23499043285847	49.550467278246	0.0000000000000
42.383998870850	 -0.62145370244980	0.24170942604542	49.550467278246	0.0000000000000
42.400001525879	 -0.61966395378113	0.24841494858265	49.550467278246	0.0000000000000
42.416000366211	 -0.61779850721359	0.25510445237160	49.550467278246	0.0000000000000
42.431999206543	 -0.61585730314255	0.26177754998207	49.550467278246	0.0000000000000
42.448001861572	 -0.61384052038193	0.26843342185020	49.550467278246	0.0000000000000
42.464000701904	 -0.61174821853638	0.27507171034813	49.550467278246	0.0000000000000
42.479999542236	 -0.60958075523376	0.28169098496437	49.550467278246	0.0000000000000
42.495998382568	 -0.60733807086945	0.28829091787338	49.550467278246	0.0000000000000
42.512001037598	 -0.60501986742020	0.29487174749374	49.550467278246	0.0000000000000
42.527999877930	 -0.60262709856033	0.30143085122108	49.550467278246	0.0000000000000
42.543998718262	 -0.60015982389450	0.30796796083450	49.550467278246	0.0000000000000
42.560001373291	 -0.59761768579483	0.31448328495026	49.550467278246	0.0000000000000
42.576000213623	 -0.59500104188919	0.32097536325455	49.550467278246	0.0000000000000
42.591999053955	 -0.59231054782867	0.32744270563126	49.550467278246	0.0000000000000
42.608001708984	 -0.58954578638077	0.33388561010361	49.550467278246	0.0000000000000
42.624000549316	 -0.58670729398727	0.34030255675316	49.550467278246	0.0000000000000
42.639999389648	 -0.58379459381104	0.34669375419617	49.550467278246	0.0000000000000
42.655998229980	 -0.58080899715424	0.35305660963058	49.550467278246	0.0000000000000
42.672000885010	 -0.57775044441223	0.35939085483551	49.550467278246	0.0000000000000
42.687999725342	 -0.57461816072464	0.36569717526436	49.550467278246	0.0000000000000
42.703998565674	 -0.57141304016113	0.37197360396385	49.550467278246	0.0000000000000
42.720001220703	 -0.56813567876816	0.37821862101555	49.550467278246	0.0000000000000
42.736000061035	 -0.56478577852249	0.38443246483803	49.550467278246	0.0000000000000
42.751998901367	 -0.56136393547058	0.39061370491982	49.550467278246	0.0000000000000
42.768001556396	 -0.55787009000778	0.39676192402840	49.550467278246	0.0000000000000
42.784000396729	 -0.55430477857590	0.40287566184998	49.550467278246	0.0000000000000
42.799999237061	 -0.55066817998886	0.40895462036133	49.550467278246	0.0000000000000
42.816001892090	 -0.54696083068848	0.41499733924866	49.550467278246	0.0000000000000
42.832000732422	 -0.54318273067474	0.42100337147713	49.550467278246	0.0000000000000
42.847999572754	 -0.53933465480804	0.42697131633759	49.550467278246	0.0000000000000
42.863998413086	 -0.53541618585587	0.43290138244629	49.550467278246	0.0000000000000
42.880001068115	 -0.53142887353897	0.43879115581512	49.550467278246	0.0000000000000
42.895999908447	 -0.52737182378769	0.44464111328125	49.550467278246	0.0000000000000
42.911998748779	 -0.52324599027634	0.45045000314713	49.550467278246	0.0000000000000
42.928001403809	 -0.51905214786530	0.45621642470360	49.550467278246	0.0000000000000
42.944000244141	 -0.51479023694992	0.46193987131119	49.550467278246	0.0000000000000
42.959999084473	 -0.51046127080917	0.46761909127235	49.550467278246	0.0000000000000
42.976001739502	 -0.50606459379196	0.47325417399406	49.550467278246	0.0000000000000
42.992000579834	 -0.50160229206085	0.47884279489517	49.550467278246	0.0000000000000
43.007999420166	 -0.49707329273224	0.48438555002213	49.550467278246	0.0000000000000
43.023998260498	 -0.49247908592224	0.48988062143326	49.550467278246	0.0000000000000
43.040000915527	 -0.48782023787498	0.49532714486122	49.550467278246	0.0000000000000
43.055999755859	 -0.48309621214867	0.50072520971298	49.550467278246	0.0000000000000
43.071998596191	 -0.47830909490585	0.50607270002365	49.550467278246	0.0000000000000
43.088001251221	 -0.47345885634422	0.51136916875839	49.550467278246	0.0000000000000
43.104000091553	 -0.46854564547539	0.51661431789398	49.550467278246	0.0000000000000
43.119998931885	 -0.46357053518295	0.52180689573288	49.550467278246	0.0000000000000
43.136001586914	 -0.45853412151337	0.52694600820541	49.550467278246	0.0000000000000
43.152000427246	 -0.45343750715256	0.53203052282333	49.550467278246	0.0000000000000
43.167999267578	 -0.44828039407730	0.53706061840057	49.550467278246	0.0000000000000
43.183998107910	 -0.44306430220604	0.54203456640244	49.550467278246	0.0000000000000
43.200000762939	 -0.43778896331787	0.54695260524750	49.550467278246	0.0000000000000
43.215999603271	 -0.43245652318001	0.55181258916855	49.550467278246	0.0000000000000
43.231998443604	 -0.42706668376923	0.55661475658417	49.550467278246	0.0000000000000
43.248001098633	 -0.42162066698074	0.56135803461075	49.550467278246	0.0000000000000
43.263999938965	 -0.41611862182617	0.56604200601578	49.550467278246	0.0000000000000
43.279998779297	 -0.41056177020073	0.57066565752029	49.550467278246	0.0000000000000
43.296001434326	 -0.40495148301125	0.57522797584534	49.550467278246	0.0000000000000
43.312000274658	 -0.39928731322289	0.57972902059555	49.550467278246	0.0000000000000
43.327999114990	 -0.39357066154480	0.58416789770126	49.550467278246	0.0000000000000
43.344001770020	 -0.38780334591866	0.58854317665100	49.550467278246	0.0000000000000
43.360000610352	 -0.38198506832123	0.59285509586334	49.550467278246	0.0000000000000
43.375999450684	 -0.37611660361290	0.59710294008255	49.550467278246	0.0000000000000
43.391998291016	 -0.37019926309586	0.60128581523895	49.550467278246	0.0000000000000
43.408000946045	 -0.36423388123512	0.60540324449539	49.550467278246	0.0000000000000
43.423999786377	 -0.35822075605392	0.60945504903793	49.550467278246	0.0000000000000
43.439998626709	 -0.35216182470322	0.61344003677368	49.550467278246	0.0000000000000
43.456001281738	 -0.34605672955513	0.61735826730728	49.550467278246	0.0000000000000
43.472000122070	 -0.33990755677223	0.62120872735977	49.550467278246	0.0000000000000
43.487998962402	 -0.33371448516846	0.62499129772186	49.550467278246	0.0000000000000
43.504001617432	 -0.32747900485992	0.62870514392853	49.550467278246	0.0000000000000
43.520000457764	 -0.32120141386986	0.63235020637512	49.550467278246	0.0000000000000
43.535999298096	 -0.31488305330276	0.63592571020126	49.550467278246	0.0000000000000
43.551998138428	 -0.30852496623993	0.63943135738373	49.550467278246	0.0000000000000
43.568000793457	 -0.30212727189064	0.64286696910858	49.550467278246	0.0000000000000
43.583999633789	 -0.29569214582443	0.64623165130615	49.550467278246	0.0000000000000
43.599998474121	 -0.28921926021576	0.64952570199966	49.550467278246	0.0000000000000
43.616001129150	 -0.28271004557610	0.65274840593338	49.550467278246	0.0000000000000
43.631999969482	 -0.27616545557976	0.65589952468872	49.550467278246	0.0000000000000
43.647998809814	 -0.26958632469177	0.65897870063782	49.550467278246	0.0000000000000
43.664001464844	 -0.26297420263290	0.66198551654816	49.550467278246	0.0000000000000
43.680000305176	 -0.25632938742638	0.66491979360580	49.550467278246	0.0000000000000
43.695999145508	 -0.24965205788612	0.66778165102005	49.550467278246	0.0000000000000
43.712001800537	 -0.24294506013393	0.67057013511658	49.550467278246	0.0000000000000
43.728000640869	 -0.23620802164078	0.67328542470932	49.550467278246	0.0000000000000
43.743999481201	 -0.22944185137749	0.67592740058899	49.550467278246	0.0000000000000
43.759998321533	 -0.22264738380909	0.67849582433701	49.550467278246	0.0000000000000
43.776000976562	 -0.21582619845867	0.68099027872086	49.550467278246	0.0000000000000
43.791999816895	 -0.20897853374481	0.68341082334518	49.550467278246	0.0000000000000
43.807998657227	 -0.20210526883602	0.68575733900070	49.550467278246	0.0000000000000
43.824001312256	 -0.19520793855190	0.68802946805954	49.550467278246	0.0000000000000
43.840000152588	 -0.18828678131104	0.69022721052170	49.550467278246	0.0000000000000
43.855998992920	 -0.18134334683418	0.69235038757324	49.550467278246	0.0000000000000
43.872001647949	 -0.17437715828419	0.69439905881882	49.550467278246	0.0000000000000
43.888000488281	 -0.16739046573639	0.69637298583984	49.550467278246	0.0000000000000
43.903999328613	 -0.16038410365582	0.69827198982239	49.550467278246	0.0000000000000
43.919998168945	 -0.15335762500763	0.70009624958038	49.550467278246	0.0000000000000
43.936000823975	 -0.14631256461143	0.70184564590454	49.550467278246	0.0000000000000
43.951999664307	 -0.13925044238567	0.70351982116699	49.550467278246	0.0000000000000
43.967998504639	 -0.13217079639435	0.70511919260025	49.550467278246	0.0000000000000
43.984001159668	 -0.12507511675358	0.70664340257645	49.550467278246	0.0000000000000
44.000000000000	 -0.11796430498362	0.70809245109558	49.550467278246	0.0000000000000
44.015998840332	 -0.11083917319775	0.70946633815765	49.550467278246	0.0000000000000
44.032001495361	 -0.10369990020990	0.71076506376266	49.550467278246	0.0000000000000
44.048000335693	 -0.096547998487949	0.71198856830597	49.550467278246	0.0000000000000
44.063999176025	 -0.089384317398071	0.71313685178757	49.550467278246	0.0000000000000
44.080001831055	 -0.082209005951881	0.71420997381210	49.550467278246	0.0000000000000
44.096000671387	 -0.075022213160992	0.71520793437958	49.550467278246	0.0000000000000
44.111999511719	 -0.067826122045517	0.71613061428070	49.550467278246	0.0000000000000
44.127998352051	 -0.060620877891779	0.71697795391083	49.550467278246	0.0000000000000
44.144001007080	 -0.053406618535519	0.71775025129318	49.550467278246	0.0000000000000
44.159999847412	 -0.046184845268726	0.71844720840454	49.550467278246	0.0000000000000
44.175998687744	 -0.038957051932812	0.71906888484955	49.550467278246	0.0000000000000
44.192001342773	 -0.031722009181976	0.71961545944214	49.550467278246	0.0000000000000
44.208000183105	 -0.024481883272529	0.72008675336838	49.550467278246	0.0000000000000
44.223999023438	 -0.017236113548279	0.72048282623291	49.550467278246	0.0000000000000
44.240001678467	 -0.0099868830293417	0.72080373764038	49.550467278246	0.0000000000000
44.256000518799	 -0.0027343041729182	0.72104942798615	49.550467278246	0.0000000000000
44.271999359131	0.0045215059071779	0.72121989727020	49.550467278246	0.0000000000000
44.287998199463	0.011779058724642	0.72131520509720	49.550467278246	0.0000000000000
44.304000854492	0.019038239493966	0.72133535146713	49.550467278246	0.0000000000000
44.319999694824	0.026296874508262	0.72128027677536	49.550467278246	0.0000000000000
44.335998535156	0.033556919544935	0.72115010023117	49.550467278246	0.0000000000000
44.352001190186	0.040815502405167	0.72094464302063	49.550467278246	0.0000000000000
44.368000030518	0.048073206096888	0.72066402435303	49.550467278246	0.0000000000000
44.383998870850	0.055327851325274	0.72030824422836	49.550467278246	0.0000000000000
44.400001525879	0.062580704689026	0.71987724304199	49.550467278246	0.0000000000000
44.416000366211	0.069828897714615	0.71937119960785	49.550467278246	0.0000000000000
44.431999206543	0.077073007822037	0.71878993511200	49.550467278246	0.0000000000000
44.448001861572	0.084312215447426	0.71813350915909	49.550467278246	0.0000000000000
44.464000701904	0.091547109186649	0.71740180253983	49.550467278246	0.0000000000000
44.479999542236	0.098774105310440	0.71659499406815	49.550467278246	0.0000000000000
44.495998382568	0.10599449276924	0.71571302413940	49.550467278246	0.0000000000000
44.512001037598	0.11320605874062	0.71475595235825	49.550467278246	0.0000000000000
44.527999877930	0.12041004747152	0.71372359991074	49.550467278246	0.0000000000000
44.543998718262	0.12760496139526	0.71261608600616	49.550467278246	0.0000000000000
44.560001373291	0.13478861749172	0.71143358945847	49.550467278246	0.0000000000000
44.576000213623	0.14196290075779	0.71017569303513	49.550467278246	0.0000000000000
44.591999053955	0.14912427961826	0.70884287357330	49.550467278246	0.0000000000000
44.608001708984	0.15627396106720	0.70743477344513	49.550467278246	0.0000000000000
44.624000549316	0.16341042518616	0.70595175027847	49.550467278246	0.0000000000000
44.639999389648	0.17053283751011	0.70439362525940	49.550467278246	0.0000000000000
44.655998229980	0.17764037847519	0.70276057720184	49.550467278246	0.0000000000000
44.672000885010	0.18473285436630	0.70105236768723	49.550467278246	0.0000000000000
44.687999725342	0.19180807471275	0.69926947355270	49.550467278246	0.0000000000000
44.703998565674	0.19886721670628	0.69741147756577	49.550467278246	0.0000000000000
44.720001220703	0.20590808987617	0.69547867774963	49.550467278246	0.0000000000000
44.736000061035	0.21292981505394	0.69347125291824	49.550467278246	0.0000000000000
44.751998901367	0.21993222832680	0.69138920307159	49.550467278246	0.0000000000000
44.768001556396	0.22691312432289	0.68923276662827	49.550467278246	0.0000000000000
44.784000396729	0.23387494683266	0.68700110912323	49.550467278246	0.0000000000000
44.799999237061	0.24081286787987	0.68469566106796	49.550467278246	0.0000000000000
44.816001892090	0.24772799015045	0.68231588602066	49.550467278246	0.0000000000000
44.832000732422	0.25461947917938	0.67986190319061	49.550467278246	0.0000000000000
44.847999572754	0.26148572564125	0.67733412981033	49.550467278246	0.0000000000000
44.863998413086	0.26832658052444	0.67473238706589	49.550467278246	0.0000000000000
44.880001068115	0.27513986825943	0.67205744981766	49.550467278246	0.0000000000000
44.895999908447	0.28192594647408	0.66930890083313	49.550467278246	0.0000000000000
44.911998748779	0.28868466615677	0.66648674011230	49.550467278246	0.0000000000000
44.928001403809	0.29541316628456	0.66359192132950	49.550467278246	0.0000000000000
44.944000244141	0.30211117863655	0.66062432527542	49.550467278246	0.0000000000000
44.959999084473	0.30877792835236	0.65758442878723	49.550467278246	0.0000000000000
44.976001739502	0.31541246175766	0.65447223186493	49.550467278246	0.0000000000000
44.992000579834	0.32201457023621	0.65128785371780	49.550467278246	0.0000000000000
45.007999420166	0.32858210802078	0.64803212881088	49.550467278246	0.0000000000000
45.023998260498	0.33511483669281	0.64470499753952	49.550467278246	0.0000000000000
45.040000915527	0.34161067008972	0.64130753278732	49.550467278246	0.0000000000000
45.055999755859	0.34807121753693	0.63783866167068	49.550467278246	0.0000000000000
45.071998596191	0.35449251532555	0.63430041074753	49.550467278246	0.0000000000000
45.088001251221	0.36087560653687	0.63069212436676	49.550467278246	0.0000000000000
45.104000091553	0.36721900105476	0.62701457738876	49.550467278246	0.0000000000000
45.119998931885	0.37352186441422	0.62326812744141	49.550467278246	0.0000000000000
45.136001586914	0.37978279590607	0.61945354938507	49.550467278246	0.0000000000000
45.152000427246	0.38600155711174	0.61557090282440	49.550467278246	0.0000000000000
45.167999267578	0.39217668771744	0.61162108182907	49.550467278246	0.0000000000000
45.183998107910	0.39830741286278	0.60760444402695	49.550467278246	0.0000000000000
45.200000762939	0.40439301729202	0.60352164506912	49.550467278246	0.0000000000000
45.215999603271	0.41043207049370	0.59937340021133	49.550467278246	0.0000000000000
45.231998443604	0.41642376780510	0.59516036510468	49.550467278246	0.0000000000000
45.248001098633	0.42236855626106	0.59088224172592	49.550467278246	0.0000000000000
45.263999938965	0.42826333642006	0.58654111623764	49.550467278246	0.0000000000000
45.279998779297	0.43410918116570	0.58213657140732	49.550467278246	0.0000000000000
45.296001434326	0.43990418314934	0.57766985893250	49.550467278246	0.0000000000000
45.312000274658	0.44564759731293	0.57314163446426	49.550467278246	0.0000000000000
45.327999114990	0.45133933424950	0.56855207681656	49.550467278246	0.0000000000000
45.344001770020	0.45697760581970	0.56390273571014	49.550467278246	0.0000000000000
45.360000610352	0.46256175637245	0.55919432640076	49.550467278246	0.0000000000000
45.375999450684	0.46809169650078	0.55442702770233	49.550467278246	0.0000000000000
45.391998291016	0.47356626391411	0.54960203170776	49.550467278246	0.0000000000000
45.408000946045	0.47898423671722	0.54472047090530	49.550467278246	0.0000000000000
45.423999786377	0.48434624075890	0.53978222608566	49.550467278246	0.0000000000000
45.439998626709	0.48965001106262	0.53478932380676	49.550467278246	0.0000000000000
45.456001281738	0.49489605426788	0.52974164485931	49.550467278246	0.0000000000000
45.472000122070	0.50008279085159	0.52464097738266	49.550467278246	0.0000000000000
45.487998962402	0.50520980358124	0.51948803663254	49.550467278246	0.0000000000000
45.504001617432	0.51027655601501	0.51428365707397	49.550467278246	0.0000000000000
45.520000457764	0.51528358459473	0.50902765989304	49.550467278246	0.0000000000000
45.535999298096	0.52022790908813	0.50372338294983	49.550467278246	0.0000000000000
45.551998138428	0.52511119842529	0.49836960434914	49.550467278246	0.0000000000000
45.568000793457	0.52993196249008	0.49296823143959	49.550467278246	0.0000000000000
45.583999633789	0.53468978404999	0.48752012848854	49.550467278246	0.0000000000000
45.599998474121	0.53938442468643	0.48202612996101	49.550467278246	0.0000000000000
45.616001129150	0.54401546716690	0.47648707032204	49.550467278246	0.0000000000000
45.631999969482	0.54858165979385	0.47090494632721	49.550467278246	0.0000000000000
45.647998809814	0.55308324098587	0.46528014540672	49.550467278246	0.0000000000000
45.664001464844	0.55752038955688	0.45961293578148	49.550467278246	0.0000000000000
45.680000305176	0.56189149618149	0.45390594005585	49.550467278246	0.0000000000000
45.695999145508	0.56619715690613	0.44815886020660	49.550467278246	0.0000000000000
45.712001800537	0.57043683528900	0.44237330555916	49.550467278246	0.0000000000000
45.728000640869	0.57461035251617	0.43655005097389	49.550467278246	0.0000000000000
45.743999481201	0.57871747016907	0.43069010972977	49.550467278246	0.0000000000000
45.759998321533	0.58275806903839	0.42479425668716	49.550467278246	0.0000000000000
45.776000976562	0.58673161268234	0.41886416077614	49.550467278246	0.0000000000000
45.791999816895	0.59063816070557	0.41290059685707	49.550467278246	0.0000000000000
45.807998657227	0.59447747468948	0.40690451860428	49.550467278246	0.0000000000000
45.824001312256	0.59824997186661	0.40087634325027	49.550467278246	0.0000000000000
45.840000152588	0.60195434093475	0.39481860399246	49.550467278246	0.0000000000000
45.855998992920	0.60559189319611	0.38873055577278	49.550467278246	0.0000000000000
45.872001647949	0.60916191339493	0.38261425495148	49.550467278246	0.0000000000000
45.888000488281	0.61266458034515	0.37646991014481	49.550467278246	0.0000000000000
45.903999328613	0.61609971523285	0.37029913067818	49.550467278246	0.0000000000000
45.919998168945	0.61946731805801	0.36410278081894	49.550467278246	0.0000000000000
45.936000823975	0.62276798486710	0.35788118839264	49.550467278246	0.0000000000000
45.951999664307	0.62600094079971	0.35163632035255	49.550467278246	0.0000000000000
45.967998504639	0.62916707992554	0.34536799788475	49.550467278246	0.0000000000000
45.984001159668	0.63226580619812	0.33907812833786	49.550467278246	0.0000000000000
46.000000000000	0.63529771566391	0.33276706933975	49.550467278246	0.0000000000000
46.015998840332	0.63826310634613	0.32643502950668	49.550467278246	0.0000000000000
46.032001495361	0.64116197824478	0.32008346915245	49.550467278246	0.0000000000000
46.048000335693	0.64399415254593	0.31371381878853	49.550467278246	0.0000000000000
46.063999176025	0.64676016569138	0.30732625722885	49.550467278246	0.0000000000000
46.080001831055	0.64946013689041	0.30092158913612	49.550467278246	0.0000000000000
46.096000671387	0.65209442377090	0.29450067877769	49.550467278246	0.0000000000000
46.111999511719	0.65466344356537	0.28806361556053	49.550467278246	0.0000000000000
46.127998352051	0.65716719627380	0.28161180019379	49.550467278246	0.0000000000000
46.144001007080	0.65960562229156	0.27514663338661	49.550467278246	0.0000000000000
46.159999847412	0.66197979450226	0.26866698265076	49.550467278246	0.0000000000000
46.175998687744	0.66428887844086	0.26217609643936	49.550467278246	0.0000000000000
46.192001342773	0.66653448343277	0.25567153096199	49.550467278246	0.0000000000000
46.208000183105	0.66871607303619	0.24915590882301	49.550467278246	0.0000000000000
46.223999023438	0.67083400487900	0.24262990057468	49.550467278246	0.0000000000000
46.240001678467	0.67288893461227	0.23609293997288	49.550467278246	0.0000000000000
46.256000518799	0.67488062381744	0.22954693436623	49.550467278246	0.0000000000000
46.271999359131	0.67680996656418	0.22299133241177	49.550467278246	0.0000000000000
46.287998199463	0.67867690324783	0.21642734110355	49.550467278246	0.0000000000000
46.304000854492	0.68048214912415	0.20985433459282	49.550467278246	0.0000000000000
46.319999694824	0.68222534656525	0.20327487587929	49.550467278246	0.0000000000000
46.335998535156	0.68390762805939	0.19668698310852	49.550467278246	0.0000000000000
46.352001190186	0.68552839756012	0.19009380042553	49.550467278246	0.0000000000000
46.368000030518	0.68708872795105	0.18349336087704	49.550467278246	0.0000000000000
46.383998870850	0.68858873844147	0.17688685655594	49.550467278246	0.0000000000000
46.400001525879	0.69002854824066	0.17027483880520	49.550467278246	0.0000000000000
46.416000366211	0.69140857458115	0.16365785896778	49.550467278246	0.0000000000000
46.431999206543	0.69272887706757	0.15703646838665	49.550467278246	0.0000000000000
46.448001861572	0.69399011135101	0.15040983259678	49.550467278246	0.0000000000000
46.464000701904	0.69519227743149	0.14377915859222	49.550467278246	0.0000000000000
46.479999542236	0.69633567333221	0.13714560866356	49.550467278246	0.0000000000000
46.495998382568	0.69742065668106	0.13050767779350	49.550467278246	0.0000000000000
46.512001037598	0.69844740629196	0.12386649847031	49.550467278246	0.0000000000000
46.527999877930	0.69941598176956	0.11722323298454	49.550467278246	0.0000000000000
46.543998718262	0.70032691955566	0.11057633161545	49.550467278246	0.0000000000000
46.560001373291	0.70118027925491	0.10392693430185	49.550467278246	0.0000000000000
46.576000213623	0.70197623968124	0.097275502979755	49.550467278246	0.0000000000000
46.591999053955	0.70271497964859	0.090621791779995	49.550467278246	0.0000000000000
46.608001708984	0.70339667797089	0.083966910839081	49.550467278246	0.0000000000000
46.624000549316	0.70402151346207	0.077309958636761	49.550467278246	0.0000000000000
46.639999389648	0.70458954572678	0.070652022957802	49.550467278246	0.0000000000000
46.655998229980	0.70510101318359	0.063992872834206	49.550467278246	0.0000000000000
46.672000885010	0.70555597543716	0.057332906872034	49.550467278246	0.0000000000000
46.687999725342	0.70595461130142	0.050671201199293	49.550467278246	0.0000000000000
46.703998565674	0.70629686117172	0.044009510427713	49.550467278246	0.0000000000000
46.720001220703	0.70658284425735	0.037347566336393	49.550467278246	0.0000000000000
46.736000061035	0.70681267976761	0.030685110017657	49.550467278246	0.0000000000000
46.751998901367	0.70698642730713	0.024022536352277	49.550467278246	0.0000000000000
46.768001556396	0.70710402727127	0.017360931262374	49.550467278246	0.0000000000000
46.784000396729	0.70716553926468	0.010698664933443	49.550467278246	0.0000000000000
46.799999237061	0.70717102289200	0.0040374938398600	49.550467278246	0.0000000000000
46.816001892090	0.70712035894394	 -0.0026235294062644	49.550467278246	0.0000000000000
46.832000732422	0.70701360702515	 -0.0092833274975419	49.550467278246	0.0000000000000
46.847999572754	0.70685070753098	 -0.015941495075822	49.550467278246	0.0000000000000
46.863998413086	0.70663154125214	 -0.022599650546908	49.550467278246	0.0000000000000
46.880001068115	0.70635622739792	 -0.029255358502269	49.550467278246	0.0000000000000
46.895999908447	0.70602452754974	 -0.035910233855247	49.550467278246	0.0000000000000
46.911998748779	0.70563644170761	 -0.042562507092953	49.550467278246	0.0000000000000
46.928001403809	0.70519196987152	 -0.049211770296097	49.550467278246	0.0000000000000
46.944000244141	0.70469081401825	 -0.055859617888927	49.550467278246	0.0000000000000
46.959999084473	0.70413279533386	 -0.062505617737770	49.550467278246	0.0000000000000
46.976001739502	0.70351815223694	 -0.069147326052189	49.550467278246	0.0000000000000
46.992000579834	0.70284646749496	 -0.075786992907524	49.550467278246	0.0000000000000
47.007999420166	0.70211780071259	 -0.082422167062759	49.550467278246	0.0000000000000
47.023998260498	0.70133185386658	 -0.089054413139820	49.550467278246	0.0000000000000
47.040000915527	0.70048856735229	 -0.095681935548782	49.550467278246	0.0000000000000
47.055999755859	0.69958776235580	 -0.10230562090874	49.550467278246	0.0000000000000
47.071998596191	0.69862926006317	 -0.10892434418201	49.550467278246	0.0000000000000
47.088001251221	0.69761300086975	 -0.11553828418255	49.550467278246	0.0000000000000
47.104000091553	0.69653862714767	 -0.12214697897434	49.550467278246	0.0000000000000
47.119998931885	0.69540631771088	 -0.12874928116798	49.550467278246	0.0000000000000
47.136001586914	0.69421553611755	 -0.13534602522850	49.550467278246	0.0000000000000
47.152000427246	0.69296640157700	 -0.14193606376648	49.550467278246	0.0000000000000
47.167999267578	0.69165849685669	 -0.14851954579353	49.550467278246	0.0000000000000
47.183998107910	0.69029170274734	 -0.15509594976902	49.550467278246	0.0000000000000
47.200000762939	0.68886631727219	 -0.16166348755360	49.550467278246	0.0000000000000
47.215999603271	0.68738156557083	 -0.16822355985641	49.550467278246	0.0000000000000
47.231998443604	0.68583738803864	 -0.17477567493916	49.550467278246	0.0000000000000
47.248001098633	0.68423396348953	 -0.18131797015667	49.550467278246	0.0000000000000
47.263999938965	0.68257099390030	 -0.18785056471825	49.550467278246	0.0000000000000
47.279998779297	0.68084800243378	 -0.19437423348427	49.550467278246	0.0000000000000
47.296001434326	0.67906540632248	 -0.20088642835617	49.550467278246	0.0000000000000
47.312000274658	0.67722272872925	 -0.20738790929317	49.550467278246	0.0000000000000
47.327999114990	0.67532020807266	 -0.21387685835361	49.550467278246	0.0000000000000
47.344001770020	0.67335695028305	 -0.22035524249077	49.550467278246	0.0000000000000
47.360000610352	0.67133378982544	 -0.22681996226311	49.550467278246	0.0000000000000
47.375999450684	0.66925001144409	 -0.23327164351940	49.550467278246	0.0000000000000
47.391998291016	0.66710549592972	 -0.23971040546894	49.550467278246	0.0000000000000
47.408000946045	0.66490048170090	 -0.24613437056541	49.550467278246	0.0000000000000
47.423999786377	0.66263478994370	 -0.25254356861115	49.550467278246	0.0000000000000
47.439998626709	0.66030842065811	 -0.25893679261208	49.550467278246	0.0000000000000
47.456001281738	0.65792107582092	 -0.26531469821930	49.550467278246	0.0000000000000
47.472000122070	0.65547299385071	 -0.27167537808418	49.550467278246	0.0000000000000
47.487998962402	0.65296405553818	 -0.27801895141602	49.550467278246	0.0000000000000
47.504001617432	0.65039414167404	 -0.28434473276138	49.550467278246	0.0000000000000
47.520000457764	0.64776319265366	 -0.29065212607384	49.550467278246	0.0000000000000
47.535999298096	0.64507138729095	 -0.29694053530693	49.550467278246	0.0000000000000
47.551998138428	0.64231830835342	 -0.30320996046066	49.550467278246	0.0000000000000
47.568000793457	0.63950490951538	 -0.30945795774460	49.550467278246	0.0000000000000
47.583999633789	0.63663053512573	 -0.31568509340286	49.550467278246	0.0000000000000
47.599998474121	0.63369506597519	 -0.32189139723778	49.550467278246	0.0000000000000
47.616001129150	0.63069909811020	 -0.32807505130768	49.550467278246	0.0000000000000
47.631999969482	0.62764233350754	 -0.33423599600792	49.550467278246	0.0000000000000
47.647998809814	0.62452524900436	 -0.34037306904793	49.550467278246	0.0000000000000
47.664001464844	0.62134724855423	 -0.34648677706718	49.550467278246	0.0000000000000
47.680000305176	0.61810910701752	 -0.35257539153099	49.550467278246	0.0000000000000
47.695999145508	0.61481052637100	 -0.35863885283470	49.550467278246	0.0000000000000
47.712001800537	0.61145174503326	 -0.36467653512955	49.550467278246	0.0000000000000
47.728000640869	0.60803318023682	 -0.37068727612495	49.550467278246	0.0000000000000
47.743999481201	0.60455411672592	 -0.37667161226273	49.550467278246	0.0000000000000
47.759998321533	0.60101598501205	 -0.38262718915939	49.550467278246	0.0000000000000
47.776000976562	0.59741783142090	 -0.38855510950089	49.550467278246	0.0000000000000
47.791999816895	0.59376043081284	 -0.39445370435715	49.550467278246	0.0000000000000
47.807998657227	0.59004366397858	 -0.40032288432121	49.550467278246	0.0000000000000
47.824001312256	0.58626770973206	 -0.40616205334663	49.550467278246	0.0000000000000
47.840000152588	0.58243316411972	 -0.41197001934052	49.550467278246	0.0000000000000
47.855998992920	0.57853978872299	 -0.41774678230286	49.550467278246	0.0000000000000
47.872001647949	0.57458823919296	 -0.42349123954773	49.550467278246	0.0000000000000
47.888000488281	0.57057833671570	 -0.42920327186584	49.550467278246	0.0000000000000
47.903999328613	0.56651031970978	 -0.43488234281540	49.550467278246	0.0000000000000
47.919998168945	0.56238436698914	 -0.44052785634995	49.550467278246	0.0000000000000
47.936000823975	0.55820065736771	 -0.44613918662071	49.550467278246	0.0000000000000
47.951999664307	0.55396002531052	 -0.45171529054642	49.550467278246	0.0000000000000
47.967998504639	0.54966217279434	 -0.45725601911545	49.550467278246	0.0000000000000
47.984001159668	0.54530698060989	 -0.46276152133942	49.550467278246	0.0000000000000
48.000000000000	0.54089552164078	 -0.46822988986969	49.550467278246	0.0000000000000
48.015998840332	0.53642773628235	 -0.47366130352020	49.550467278246	0.0000000000000
48.032001495361	0.53190374374390	 -0.47905507683754	49.550467278246	0.0000000000000
48.048000335693	0.52732354402542	 -0.48441120982170	49.550467278246	0.0000000000000
48.063999176025	0.52268725633621	 -0.48972904682159	49.550467278246	0.0000000000000
48.080001831055	0.51799619197845	 -0.49500706791878	49.550467278246	0.0000000000000
48.096000671387	0.51324963569641	 -0.50024574995041	49.550467278246	0.0000000000000
48.111999511719	0.50844800472260	 -0.50544440746307	49.550467278246	0.0000000000000
48.127998352051	0.50359189510345	 -0.51060211658478	49.550467278246	0.0000000000000
48.144001007080	0.49868074059486	 -0.51571905612946	49.550467278246	0.0000000000000
48.159999847412	0.49371585249901	 -0.52079391479492	49.550467278246	0.0000000000000
48.175998687744	0.48869594931602	 -0.52582746744156	49.550467278246	0.0000000000000
48.192001342773	0.48362338542938	 -0.53081721067429	49.550467278246	0.0000000000000
48.208000183105	0.47849747538567	 -0.53576350212097	49.550467278246	0.0000000000000
48.223999023438	0.47331750392914	 -0.54066675901413	49.550467278246	0.0000000000000
48.240001678467	0.46808433532715	 -0.54552590847015	49.550467278246	0.0000000000000
48.256000518799	0.46279814839363	 -0.55034029483795	49.550467278246	0.0000000000000
48.271999359131	0.45745828747749	 -0.55511021614075	49.550467278246	0.0000000000000
48.287998199463	0.45206776261330	 -0.55983293056488	49.550467278246	0.0000000000000
48.304000854492	0.44662460684776	 -0.56450951099396	49.550467278246	0.0000000000000
48.319999694824	0.44112935662270	 -0.56913942098618	49.550467278246	0.0000000000000
48.335998535156	0.43558219075203	 -0.57372206449509	49.550467278246	0.0000000000000
48.352001190186	0.42998287081718	 -0.57825714349747	49.550467278246	0.0000000000000
48.368000030518	0.42433178424835	 -0.58274406194687	49.550467278246	0.0000000000000
48.383998870850	0.41863030195236	 -0.58718132972717	49.550467278246	0.0000000000000
48.400001525879	0.41287767887115	 -0.59156912565231	49.550467278246	0.0000000000000
48.416000366211	0.40707427263260	 -0.59590691328049	49.550467278246	0.0000000000000
48.431999206543	0.40122151374817	 -0.60019314289093	49.550467278246	0.0000000000000
48.448001861572	0.39531683921814	 -0.60442906618118	49.550467278246	0.0000000000000
48.464000701904	0.38936126232147	 -0.60861361026764	49.550467278246	0.0000000000000
48.479999542236	0.38335734605789	 -0.61274468898773	49.550467278246	0.0000000000000
48.495998382568	0.37730318307877	 -0.61682301759720	49.550467278246	0.0000000000000
48.512001037598	0.37119963765144	 -0.62084752321243	49.550467278246	0.0000000000000
48.527999877930	0.36504715681076	 -0.62481749057770	49.550467278246	0.0000000000000
48.543998718262	0.35884425044060	 -0.62873327732086	49.550467278246	0.0000000000000
48.560001373291	0.35259425640106	 -0.63259243965149	49.550467278246	0.0000000000000
48.576000213623	0.34629526734352	 -0.63639551401138	49.550467278246	0.0000000000000
48.591999053955	0.33994632959366	 -0.64014250040054	49.550467278246	0.0000000000000
48.608001708984	0.33355146646500	 -0.64383053779602	49.550467278246	0.0000000000000
48.624000549316	0.32710689306259	 -0.64746123552322	49.550467278246	0.0000000000000
48.639999389648	0.32061725854874	 -0.65103161334991	49.550467278246	0.0000000000000
48.655998229980	0.31407803297043	 -0.65454322099686	49.550467278246	0.0000000000000
48.672000885010	0.30749213695526	 -0.65799415111542	49.550467278246	0.0000000000000
48.687999725342	0.30086061358452	 -0.66138327121735	49.550467278246	0.0000000000000
48.703998565674	0.29418328404427	 -0.66471004486084	49.550467278246	0.0000000000000
48.720001220703	0.28745871782303	 -0.66797447204590	49.550467278246	0.0000000000000
48.736000061035	0.28068926930428	 -0.67117488384247	49.550467278246	0.0000000000000
48.751998901367	0.27387288212776	 -0.67431151866913	49.550467278246	0.0000000000000
48.768001556396	0.26701322197914	 -0.67738217115402	49.550467278246	0.0000000000000
48.784000396729	0.26010885834694	 -0.68038690090179	49.550467278246	0.0000000000000
48.799999237061	0.25316038727760	 -0.68332469463348	49.550467278246	0.0000000000000
48.816001892090	0.24616889655590	 -0.68619441986084	49.550467278246	0.0000000000000
48.832000732422	0.23913304507732	 -0.68899595737457	49.550467278246	0.0000000000000
48.847999572754	0.23205532133579	 -0.69172769784927	49.550467278246	0.0000000000000
48.863998413086	0.22493566572666	 -0.69438904523849	49.550467278246	0.0000000000000
48.880001068115	0.21777404844761	 -0.69697928428650	49.550467278246	0.0000000000000
48.895999908447	0.21057103574276	 -0.69949752092361	49.550467278246	0.0000000000000
48.911998748779	0.20332862436771	 -0.70194244384766	49.550467278246	0.0000000000000
48.928001403809	0.19604614377022	 -0.70431351661682	49.550467278246	0.0000000000000
48.944000244141	0.18872423470020	 -0.70660996437073	49.550467278246	0.0000000000000
48.959999084473	0.18136362731457	 -0.70883071422577	49.550467278246	0.0000000000000
48.976001739502	0.17396566271782	 -0.71097487211227	49.550467278246	0.0000000000000
48.992000579834	0.16653043031693	 -0.71304160356522	49.550467278246	0.0000000000000
49.007999420166	0.15905867516994	 -0.71503001451492	49.550467278246	0.0000000000000
49.023998260498	0.15155117213726	 -0.71693927049637	49.550467278246	0.0000000000000
49.040000915527	0.14400939643383	 -0.71876829862595	49.550467278246	0.0000000000000
49.055999755859	0.13643348217010	 -0.72051644325256	49.550467278246	0.0000000000000
49.071998596191	0.12882426381111	 -0.72218275070190	49.550467278246	0.0000000000000
49.088001251221	0.12118258327246	 -0.72376638650894	49.550467278246	0.0000000000000
49.104000091553	0.11351002752781	 -0.72526651620865	49.550467278246	0.0000000000000
49.119998931885	0.10580749064684	 -0.72668212652206	49.550467278246	0.0000000000000
49.136001586914	0.098075203597546	 -0.72801262140274	49.550467278246	0.0000000000000
49.152000427246	0.090314798057079	 -0.72925704717636	49.550467278246	0.0000000000000
49.167999267578	0.082526542246342	 -0.73041474819183	49.550467278246	0.0000000000000
49.183998107910	0.074713520705700	 -0.73148465156555	49.550467278246	0.0000000000000
49.200000762939	0.066873937845230	 -0.73246634006500	49.550467278246	0.0000000000000
49.215999603271	0.059011608362198	 -0.73335880041122	49.550467278246	0.0000000000000
49.231998443604	0.051125485450029	 -0.73416149616241	49.550467278246	0.0000000000000
49.248001098633	0.043217327445745	 -0.73487365245819	49.550467278246	0.0000000000000
49.263999938965	0.035289619117975	 -0.73549455404282	49.550467278246	0.0000000000000
49.279998779297	0.027342760935426	 -0.73602354526520	49.550467278246	0.0000000000000
49.296001434326	0.019377874210477	 -0.73646003007889	49.550467278246	0.0000000000000
49.312000274658	0.011396090500057	 -0.73680347204208	49.550467278246	0.0000000000000
49.327999114990	0.0033992636017501	 -0.73705309629440	49.550467278246	0.0000000000000
49.344001770020	 -0.0046121389605105	 -0.73720848560333	49.550467278246	0.0000000000000
49.360000610352	 -0.012636233121157	 -0.73726910352707	49.550467278246	0.0000000000000
49.375999450684	 -0.020671118050814	 -0.73723447322845	49.550467278246	0.0000000000000
49.391998291016	 -0.028716284781694	 -0.73710411787033	49.550467278246	0.0000000000000
49.408000946045	 -0.036769811064005	 -0.73687762022018	49.550467278246	0.0000000000000
49.423999786377	 -0.044830460101366	 -0.73655456304550	49.550467278246	0.0000000000000
49.439998626709	 -0.052896987646818	 -0.73613458871841	49.550467278246	0.0000000000000
49.456001281738	 -0.060968130826950	 -0.73561739921570	49.550467278246	0.0000000000000
49.472000122070	 -0.069041930139065	 -0.73500263690948	49.550467278246	0.0000000000000
49.487998962402	 -0.077117115259171	 -0.73429018259048	49.550467278246	0.0000000000000
49.504001617432	 -0.085191704332829	 -0.73347961902618	49.550467278246	0.0000000000000
49.520000457764	 -0.093264415860176	 -0.73257106542587	49.550467278246	0.0000000000000
49.535999298096	 -0.10133465379477	 -0.73156404495239	49.550467278246	0.0000000000000
49.551998138428	 -0.10939972102642	 -0.73045873641968	49.550467278246	0.0000000000000
49.568000793457	 -0.11745903640985	 -0.72925484180450	49.550467278246	0.0000000000000
49.583999633789	 -0.12551060318947	 -0.72795242071152	49.550467278246	0.0000000000000
49.599998474121	 -0.13355383276939	 -0.72655141353607	49.550467278246	0.0000000000000
49.616001129150	 -0.14158599078655	 -0.72505193948746	49.550467278246	0.0000000000000
49.631999969482	 -0.14960584044456	 -0.72345411777496	49.550467278246	0.0000000000000
49.647998809814	 -0.15761274099350	 -0.72175794839859	49.550467278246	0.0000000000000
49.664001464844	 -0.16560405492783	 -0.71996366977692	49.550467278246	0.0000000000000
49.680000305176	 -0.17357914149761	 -0.71807134151459	49.550467278246	0.0000000000000
49.695999145508	 -0.18153607845306	 -0.71608132123947	49.550467278246	0.0000000000000
49.712001800537	 -0.18947359919548	 -0.71399384737015	49.550467278246	0.0000000000000
49.728000640869	 -0.19739107787609	 -0.71180903911591	49.550467278246	0.0000000000000
49.743999481201	 -0.20528528094292	 -0.70952755212784	49.550467278246	0.0000000000000
49.759998321533	 -0.21315693855286	 -0.70714914798737	49.550467278246	0.0000000000000
49.776000976562	 -0.22100348770618	 -0.70467466115952	49.550467278246	0.0000000000000
49.791999816895	 -0.22882303595543	 -0.70210456848145	49.550467278246	0.0000000000000
49.807998657227	 -0.23661503195763	 -0.69943904876709	49.550467278246	0.0000000000000
49.824001312256	 -0.24437829852104	 -0.69667863845825	49.550467278246	0.0000000000000
49.840000152588	 -0.25211095809937	 -0.69382393360138	49.550467278246	0.0000000000000
49.855998992920	 -0.25981181859970	 -0.69087541103363	49.550467278246	0.0000000000000
49.872001647949	 -0.26748043298721	 -0.68783336877823	49.550467278246	0.0000000000000
49.888000488281	 -0.27511364221573	 -0.68469899892807	49.550467278246	0.0000000000000
49.903999328613	 -0.28271296620369	 -0.68147188425064	49.550467278246	0.0000000000000
49.919998168945	 -0.29027464985847	 -0.67815363407135	49.550467278246	0.0000000000000
49.936000823975	 -0.29779893159866	 -0.67474430799484	49.550467278246	0.0000000000000
49.951999664307	 -0.30528536438942	 -0.67124420404434	49.550467278246	0.0000000000000
49.967998504639	 -0.31273090839386	 -0.66765487194061	49.550467278246	0.0000000000000
49.984001159668	 -0.32013517618179	 -0.66397655010223	49.550467278246	0.0000000000000
50.000000000000	 -0.32749781012535	 -0.66020971536636	49.550467278246	0.0000000000000
